#TrapID X Y
1 444.61899990067 4795.75474842504
2 444.612677765968 4795.40806373294
3 444.568471071649 4795.31824280827
4 444.619375756918 4795.175777885
5 444.792415709603 4795.1905805326
6 444.706509683474 4794.96027191735
7 444.615086145028 4794.65104431995
8 444.542166205801 4794.55201808211
9 444.586580958879 4794.78566255823
10 444.680210745803 4795.10686652542
11 444.648281595166 4795.1995310676
12 444.512466735011 4795.39233560111
13 444.671110008259 4795.52186922898
14 444.724947210978 4795.56974174497
15 445.84629241408 4796.06068463652
16 445.896123876251 4795.93356463506
17 445.841406669128 4795.79450813819
18 445.8566098508 4796.08325879138
19 445.729335288734 4795.94722698589
20 445.480249735971 4795.78152383679
21 445.483033099851 4795.50262467509
22 445.406319728175 4795.30255348991
23 445.567179687473 4795.23551030402
24 445.724691935102 4795.36774286129
25 445.888143967078 4795.62498725295
26 445.903728039126 4795.75858132272
27 443.641650850401 4795.57755812859
28 443.645159345405 4795.66782278912
29 443.710799989571 4795.54455286586
30 443.634449676077 4795.53086072101
31 443.683377830717 4795.40684116742
32 443.641771151233 4795.34832408323
33 443.870394749717 4781.90568354179
34 443.814038660671 4781.9304709376
35 443.600318902637 4781.98043963312
36 443.536267895271 4782.13534462416
37 443.433493495869 4782.36287245994
38 443.566404219668 4782.13387286822
39 443.542495272944 4782.00446405611
40 444.931997884297 4781.89978331837
41 444.823395160882 4782.07613781036
42 444.888366626606 4782.19166858422
43 444.87218773252 4782.22078630171
44 444.886796295452 4782.36893278388
45 444.91595366009 4782.43733156183
46 444.935280383528 4782.19484254779
47 445.014864403541 4782.00739623761
48 445.072278621345 4781.98238818658
49 445.993632755344 4782.01077200385
50 446.018809683765 4782.26489837284
51 445.839293186981 4782.42669546307
52 445.898500854741 4782.59658963902
53 445.703019049885 4782.70109978377
54 445.726436896895 4782.67259264592
55 445.79665807456 4782.42992265558
56 445.910162397454 4782.14204119418
57 445.935161396795 4782.11785359517
58 455.371543021557 4796.15769517926
59 455.305785116168 4795.93767553566
60 455.170841827426 4795.69234829707
61 455.181381957148 4795.44683694419
62 455.269242254472 4795.36518273802
63 455.280281265125 4795.34200947749
65 455.918955496277 4795.95242583134
66 456.114872958848 4795.8263227184
67 456.358000479722 4795.71347027102
68 456.410886946572 4795.4001646916
69 456.402087082807 4795.0913656539
70 456.425696221608 4794.73948942729
71 456.181480967714 4794.87788942662
72 456.264339212032 4795.12401650092
73 456.248163882735 4795.43242143715
74 456.383251420797 4795.12613736972
75 456.447661188003 4795.40570322669
76 456.286139562568 4795.77490525933
77 456.041023830327 4795.95574160933
78 456.028949772812 4796.18193701504
79 456.031014593609 4796.23767546073
80 448.899140348671 4815.88679568803
81 449.038681889741 4815.63884094103
82 448.877572114205 4815.52755420303
83 448.869997545877 4815.44586816481
84 448.696823888059 4815.55636240233
85 448.57370647356 4815.4655624696
86 448.349862892448 4815.52658495866
87 448.323377713489 4815.34186539951
88 448.277925136656 4815.36198401864
89 448.220994258345 4815.31955069583
90 448.274934366663 4815.06746329556
91 448.439946527236 4814.86194954748
92 448.517746044045 4814.76717138294
93 448.328655092803 4814.99696892334
94 448.246168218282 4815.33335126369
95 448.476144356593 4815.50229353201
96 448.720751236525 4815.59782933022
97 448.936771762767 4815.48612199319
98 449.042635255577 4815.64836256686
99 448.880623592563 4815.89737638816
100 448.886251318738 4815.90377539806
101 457.23700689082 4796.16253958736
102 457.36881215523 4795.92282035909
103 457.253079113525 4795.62546717839
104 457.244780286493 4795.30000544015
105 456.938563643325 4795.20165876662
106 457.202426289314 4795.34836146948
107 457.289583876852 4795.5885873919
108 457.145610867103 4795.70022271736
109 457.316357354662 4795.91204483584
110 457.375321642495 4796.18399048581
111 457.404882170859 4796.22956086364
112 448.013079575586 4815.30738116783
113 447.975788556928 4815.16972674982
114 447.748555338972 4815.02388147359
115 447.718663492571 4814.9755782051
116 447.752233433198 4814.76840382092
117 447.889592809508 4815.07665471787
118 447.991262406145 4815.16294329449
119 405.225091410635 4831.85871044996
120 405.199131045686 4831.95127766928
121 405.210423463715 4831.68884838328
122 405.198178699384 4832.00938812644
123 405.363756727055 4832.34196450374
124 405.386808835358 4832.46605289276
125 405.440753230158 4832.78399107408
126 405.632530502582 4832.94002425075
127 405.371192443325 4832.93082740758
128 405.411240962622 4832.68787587155
129 405.405268698615 4832.55066030487
130 420.938676499142 4829.40546690749
131 420.829261598191 4829.31156593392
132 420.59872843134 4829.49234903122
133 420.647573282034 4829.48032960686
134 420.426864569779 4829.59046885038
135 420.415628225263 4829.60248749347
136 420.735576768975 4829.48339801292
137 420.847034194245 4829.45653307631
138 420.753457930776 4829.02310738037
139 420.552688788852 4828.89674630217
140 420.344057024044 4828.78858999624
141 420.656992201189 4828.93294365559
142 420.736376065727 4829.01186847796
143 418.852656321099 4816.6941756173
144 418.802895177909 4816.79863115105
145 418.811112175824 4817.1646357363
146 418.862332812661 4817.50990600712
147 418.753232074358 4817.57386926577
148 418.819935578959 4817.2325072855
149 418.793236506179 4816.889385034
150 418.778267063134 4816.84158125443
151 420.74168164821 4816.7989507825
152 420.736688814072 4816.73203177774
153 420.441444106884 4816.69486297845
154 420.230254076877 4816.79122131623
155 420.327461761514 4816.66300036564
156 421.322584763713 4817.58986779908
157 421.435000338814 4817.48936467729
158 421.274164943372 4817.29342180117
159 421.267781002144 4817.30060525921
160 417.355973074006 4812.53040476367
161 417.42461341407 4812.65163453888
162 417.626744467339 4812.69992139463
163 417.3388050607 4812.54894274267
165 416.253693352083 4812.73451007155
166 416.521679386084 4812.63832520156
167 416.413725493461 4812.63000009413
169 408.593960531706 4804.62062351681
170 408.216709253611 4804.54343077023
171 408.261581727921 4804.66222961982
172 408.216046218646 4804.9178825804
173 408.022708293085 4805.11567650728
174 407.986668786144 4805.12805276984
175 408.261789818084 4805.1367506072
176 408.351200409522 4804.8490673852
177 408.373252729327 4804.70714424265
178 408.674796006451 4805.97945252129
179 408.664764488991 4805.6988949914
180 408.915576545224 4805.63663587863
181 409.091099983555 4805.41444828142
182 409.216885636471 4805.19115685605
183 409.386940047076 4805.21175486968
184 409.266943816331 4805.52871444193
185 409.200300514033 4805.75887393867
186 408.861515411779 4805.68190743814
187 408.669943212049 4805.84822436557
188 408.63511231367 4805.91378712021
189 400.681934070198 4812.07318656248
190 400.643108469736 4812.42011494804
191 400.764878066584 4812.69391677351
192 400.913096789906 4813.04475622699
193 400.943480108271 4813.12462223443
194 400.924875562513 4812.14547977864
196 400.90071702629 4812.14250253957
197 401.060516710571 4813.02270569658
198 401.331152777345 4812.83956027564
199 401.459956330939 4812.68393700585
200 401.148096814512 4812.5507630299
201 401.125553090721 4812.4261259393
202 420.084303093711 4781.40204834879
203 420.211540249322 4781.57815306647
204 420.236043536971 4781.59530344942
205 420.233629547624 4781.67363483138
206 420.161543451906 4781.70191426201
207 421.308333582198 4781.39777743542
208 421.421798480577 4781.66502776191
209 421.434583205106 4781.83603548581
210 421.348848554582 4781.7174061732
211 421.296272264649 4781.61283303131
212 421.067809402296 4781.38934569989
213 421.04277515785 4781.34032205917
214 422.019834699253 4782.73572431734
215 422.13454275764 4782.60479412048
216 422.159998992189 4782.34382713007
217 422.245804831494 4782.19334884463
218 422.177744214952 4782.26110089645
219 422.350901847801 4782.53634641672
220 422.439710497926 4782.65617451848
221 422.243502665674 4782.71705859924
222 416.002954841221 4790.91088808981
223 415.923847505851 4790.63840968571
224 415.810580372187 4790.57694779451
225 415.746390767811 4790.53264955557
226 415.8958065326 4790.79259149999
228 444.754448567435 4807.60520791808
229 444.930836355671 4807.66240806492
230 445.088645819132 4807.51618313214
231 445.203196247978 4807.54535036297
232 445.057517224319 4807.36205720705
233 445.195970380209 4807.32350275866
234 445.153243677607 4807.28619911629
235 445.129836141603 4807.15555578283
236 445.035895652925 4806.97373068763
237 444.874177126125 4807.29702488433
238 445.160204339665 4807.39554078638
239 445.15986991424 4807.53370739723
240 444.87325746931 4807.51149754678
241 444.739769902203 4807.53291414795
242 443.771037978358 4805.71768244201
243 443.835735169589 4805.91161755797
244 443.749509389217 4805.99130216929
245 443.803393406236 4805.84946853053
246 443.744720091587 4805.81497188794
247 432.514735645042 4830.3561948333
248 432.57269484067 4830.55909573329
249 432.537407759017 4830.47625780904
250 432.472076010745 4830.35062676094
251 432.51095104116 4830.31691336126
252 432.540477009226 4830.30828558625
253 432.569703291795 4830.27789079405
254 432.695385862067 4830.19443363372
255 432.647500011205 4830.31120746081
257 435.03063000307 4822.48317857943
258 435.113263443503 4822.34032123759
259 435.065340858072 4822.25492726561
260 435.066975425758 4822.2318089089
261 435.101619364529 4822.17194059642
262 435.177777827412 4822.00215680251
263 435.191274969802 4821.95248940106
264 435.789683965719 4821.46314557621
265 435.907913015669 4821.50833268834
266 435.998875224384 4821.50713234293
267 435.96777954398 4821.70313320456
268 435.940001589689 4821.8232421213
269 435.915686051887 4821.82347403518
270 435.789967941834 4822.11834274782
271 435.678787177206 4822.27668123979
272 435.695913164168 4822.32727614881
273 426.714327172634 4821.61565671972
274 426.695236209915 4821.48024505867
275 426.642941115808 4821.44149605333
276 426.526991464748 4821.30070083289
277 426.583017805232 4821.40716263555
278 426.636454430842 4821.46900187389
279 427.835437890437 4822.75023354513
280 427.865345311943 4822.43602110865
281 427.750727527841 4822.30241093488
282 427.632818367738 4822.18616542705
283 427.70094398917 4822.1880975565
284 427.943474269954 4822.41430083613
285 427.895782695653 4822.76535770122
287 442.189806795599 4829.25322202505
288 442.100521194646 4829.49223580443
289 442.044693498189 4829.72707411252
290 442.173942465621 4829.90233521461
291 442.097531891343 4829.59455622179
292 442.18258621626 4829.27683093304
294 443.357658484572 4829.44272951504
295 443.423264954528 4829.62443898712
296 443.416402744999 4829.62405265122
297 443.3830373767 4829.55258409897
298 443.20752351741 4829.33315358185
299 443.220449889719 4829.32538031689
300 404.036627077749 4833.72142027014
301 404.05229966188 4833.36861199241
302 403.936336118815 4833.05612702133
303 403.925185512642 4832.70070434931
304 404.045305919848 4832.37405880378
305 403.955205406511 4832.53264664971
306 403.921605138279 4832.87282617931
307 404.01770370444 4833.23425089937
308 404.048849509252 4833.45430791522
309 404.050480891116 4833.57936616228
310 428.602070815683 4820.82837714213
311 428.558705233778 4820.86127106113
312 428.610385207108 4821.02533056146
313 428.751534486799 4821.04704649032
314 428.71665552571 4821.15626697787
315 428.696324597169 4821.44849111451
316 428.705797983025 4821.24479550661
317 428.6845435766 4821.15305341966
318 423.318721789086 4833.07719529763
319 423.590746999841 4833.22925815588
320 423.934083381852 4833.20602061002
321 424.276770383327 4833.25356340279
322 424.58776726056 4833.3309156512
323 424.820275428631 4833.4438189116
324 424.536090064411 4833.27573801411
325 424.199468384652 4833.24355288447
326 423.828691898516 4833.22265862291
327 423.52725390246 4833.21376609924
328 423.407682274804 4833.14004566707
329 423.424762634452 4832.15804854229
330 423.429149989035 4832.1748819258
331 423.716412291158 4832.15327566757
332 423.792859844341 4832.17917448334
333 423.466829453507 4832.09780872126
334 423.391172968108 4832.09189821055
335 421.11374174741 4830.05131327681
336 421.042853829108 4829.98661303065
337 421.040903467977 4830.01285008828
338 417.093524141103 4789.96680713326
339 417.053180682151 4789.76115238687
340 417.229852000124 4789.56306612851
341 417.091524600126 4789.43102525341
342 416.891757676096 4789.35405285916
343 416.981235216606 4789.51412171444
344 416.966266908154 4789.79031628378
345 417.041762103065 4789.86969726691
346 418.32148928082 4790.89457079926
347 418.322654511595 4790.80259027193
348 418.335473640875 4790.9437178039
349 418.364932257489 4790.9770176288
350 433.401060174639 4793.39721750207
351 433.32628886506 4793.59842567927
352 433.633911530363 4793.57985734631
353 433.502027144486 4793.64101426136
354 433.336265278845 4793.5486812969
355 433.39609699884 4793.52787917321
356 432.68190845441 4794.36104183006
357 432.410194256442 4794.21047576863
358 432.250194165862 4793.99682783378
359 432.51968371212 4793.82498585423
360 432.413684113651 4793.90967466992
361 432.304636619634 4794.151887072
362 432.602702686871 4794.26808962931
363 432.651248958518 4794.31247753841
364 431.663569253036 4795.33095866949
365 431.634432793554 4794.97550728561
366 431.557648713923 4794.72960436234
367 431.424416696358 4794.60555771084
368 431.436781574024 4794.92963512365
369 431.638651700465 4795.120295149
370 431.631968010323 4795.19744261541
371 432.450016165289 4769.78073654048
372 432.52376085415 4770.02623074149
373 432.357389387128 4770.16103970047
374 432.643587852038 4770.04170686325
375 432.601709193651 4769.88985484357
376 432.522796715589 4769.86275776062
377 433.437309739694 4770.05502483578
378 433.573833267809 4770.31424481507
379 433.513599345775 4770.64101798733
380 433.443856210123 4770.97699172498
381 433.211946294233 4771.15973172328
382 433.342932856731 4771.27828658269
383 433.27914756452 4770.97315766663
384 433.484105824284 4770.6801767414
385 433.490180492321 4770.38458353693
386 433.527914261836 4770.13810442795
387 433.468426230598 4770.09026114874
388 434.538458401721 4769.90999555238
389 434.802946887462 4770.07860966466
390 434.832384236795 4770.30544788121
391 434.84946052063 4770.32050023611
392 434.78193898562 4770.0525999558
393 434.660785208131 4769.98290145978
394 445.27091115167 4770.25721717571
395 445.37176442207 4770.49040778525
396 445.50331475477 4770.66449420351
397 445.60513201058 4770.92844343337
398 445.648738629766 4770.79282795162
399 445.426450422438 4770.66155439735
400 445.327848928562 4770.43456418393
401 445.311559369105 4770.36228510152
402 444.501666546485 4770.88113051717
403 444.531591046791 4770.95762830078
404 444.526671012721 4770.82295505107
405 432.732661634244 4760.03716186418
406 432.659494761678 4760.08341526782
407 432.768162700365 4759.94940938834
408 432.795568845919 4759.95891369172
409 432.726006825437 4760.0568847797
410 432.801676895516 4759.92498058793
411 432.74669186227 4759.84689001945
412 432.841074263402 4759.84363177023
413 432.779307750982 4759.83057729227
414 432.646539988265 4760.00135848574
415 432.725845936538 4760.02390164481
416 433.884525225594 4758.1876966475
417 433.888829939159 4758.25351306616
418 433.888103525614 4758.05139284594
419 433.973760563129 4758.02024806681
420 433.911627303492 4758.51183842453
421 433.772527604965 4758.60680406315
422 433.867481937166 4758.50893253147
423 433.695670712559 4758.6869545125
424 433.734589857373 4758.77353729538
425 434.895057143105 4759.35791020028
426 434.957477810072 4759.26813711365
427 434.742541975133 4759.1653414668
428 434.622897135825 4759.31641155362
429 434.729860815413 4759.32349897811
430 444.713113516232 4819.05083515717
431 444.635910273868 4818.77358227622
432 444.542546719859 4818.74269771555
433 444.638912299049 4818.62772741627
434 444.714699971429 4818.34921599342
435 444.793980989756 4818.08189466964
436 444.898770468824 4817.91799020412
437 445.102603721022 4818.13223596225
438 445.16506515844 4818.42705128745
439 445.051165268472 4818.50450561209
440 444.79578115208 4818.3208944333
441 444.672679428695 4818.40942630339
442 444.600310608821 4818.72000828494
443 444.582638297596 4818.93917686354
444 444.616789604001 4819.02308382793
445 444.322325346812 4818.82370797124
446 444.234263958865 4819.1008823261
447 443.89905953237 4819.14398812259
448 443.807231814186 4819.15164110757
449 443.999101270549 4818.90958102106
450 444.129539485653 4818.7528916917
451 444.077380197435 4818.6718024419
452 444.177409428909 4818.59977768427
453 443.187417707434 4817.33246821522
454 443.179948530472 4817.63496558255
455 442.90330382877 4817.78524895324
456 442.699138277774 4818.02555660318
457 442.869228553508 4817.85628779618
458 443.041449173061 4817.56527640973
459 443.014413393749 4817.32249163136
460 443.130888063076 4817.34905050702
461 416.461732895832 4825.31278843686
462 416.290658023502 4825.32302895773
463 416.250225109656 4825.247445187
464 416.317925031614 4825.28836585866
465 416.534048505784 4825.36787172162
466 416.537218396342 4825.70062101595
467 416.417208417067 4825.97825426534
468 416.087800780819 4826.09799826267
469 416.164287382552 4826.07371567334
470 416.859849741112 4826.21134922879
471 416.624218111749 4825.97601177314
472 416.645500276765 4825.82368196438
473 416.576404413658 4825.9231777386
474 416.593454284835 4825.59284285663
475 416.771464652129 4825.53031738845
476 416.671623480389 4825.54088702384
477 416.543678005656 4825.33698344848
478 416.492302767789 4825.21899164845
479 416.56679516361 4825.96861694467
480 416.693730182455 4826.09211311774
482 414.776815706415 4826.12518710371
483 414.747747361908 4826.06168625074
484 414.997158492361 4826.25779635509
485 415.009671765453 4826.37871336332
486 415.094904466973 4826.12093180055
487 415.359124002141 4826.01340171618
488 415.327357261411 4826.10677509014
489 415.227541599197 4826.1569100726
490 413.391023882676 4816.41403093579
491 413.253760037818 4816.46134071728
492 413.395118463328 4816.38032178588
493 413.545400147744 4816.42082095869
494 413.489178901859 4816.3688928172
495 413.572215251776 4816.49389862791
496 413.4412315348 4816.68363627603
497 413.477360549132 4816.65095916422
498 413.524063179253 4816.55383256212
499 412.347316386866 4816.59493903414
500 412.520714300112 4816.67799035921
501 412.433730763539 4816.9780324248
502 412.463860362571 4816.90732803913
503 412.463631813728 4816.57276442841
504 412.214466936778 4816.46537670281
505 412.169420744433 4816.6136982061
506 412.170345021092 4816.72787432938
507 412.147502644361 4816.67529939
508 411.225885336575 4817.1508146308
509 411.236025185567 4817.27586634378
510 411.286131045656 4817.26176493354
511 411.384556122973 4817.11628793754
512 411.204296231911 4817.14465697864
513 411.214712011532 4816.94746624624
514 411.149442687181 4816.9339987153
515 416.061464267897 4813.13110963239
516 415.709919030946 4812.99343334527
517 415.449084948647 4813.06445830067
518 415.536219919017 4813.12267972329
519 415.642061792676 4813.20188342889
520 415.940969346402 4813.25179637514
521 415.65515246278 4813.11019303074
522 415.856129785321 4813.0660262356
523 416.116511616892 4813.15330551223
524 416.115229829716 4813.15432115438
525 399.264146162536 4811.28199011766
526 399.36939565836 4811.20310404977
527 399.441187977619 4811.4637446853
528 399.619950282876 4811.75078488987
529 399.707685041435 4812.13749226482
530 399.831614415338 4812.34137497151
531 399.913398241668 4812.63375252504
532 400.143416422786 4812.8229576205
533 400.089696404322 4812.91073217531
534 400.092733884005 4812.68996492254
535 399.920898439175 4812.52311333741
536 399.655619851645 4812.45052245746
537 399.679899537563 4812.19533589683
538 399.624618985721 4811.84147032923
539 399.470921027892 4811.56894129557
540 399.30469528197 4811.24417133525
542 409.88040821319 4806.09265726162
543 409.982836401295 4806.30344804562
544 410.013091338075 4806.41023410741
545 409.928168379085 4806.20620718425
546 409.670989744322 4806.32427506426
547 409.736762216869 4806.27663180181
548 409.877397983966 4806.01883115516
549 409.959764617388 4805.83656548419
550 408.422052661779 4794.38479835731
551 408.153296061599 4794.55460527187
552 408.122610591403 4794.40962300601
553 407.995355206177 4794.26906145024
554 408.222890389532 4794.21810235328
555 408.256147130129 4794.07369789767
556 408.313670134412 4794.10357629513
557 409.479423861387 4794.09301405528
558 409.11542987821 4794.21196019452
559 408.901406877249 4794.26059704367
560 408.549105159973 4794.21058206086
561 408.913965147509 4794.25931747538
562 409.030081241946 4794.35117209171
563 409.041722966828 4794.26348841496
564 409.232614573976 4794.14752097261
565 409.253883401169 4794.07570367259
566 409.258569158557 4794.06208975041
567 409.262369728301 4794.073257461
568 409.270875007638 4794.15100732781
569 409.411736002025 4794.13990364825
570 410.214575577047 4794.57063062802
571 410.176011915293 4794.29923044181
572 410.13791344397 4794.01416213737
573 409.967490582739 4794.06607455334
574 410.094224382303 4794.17024638508
575 410.151941509847 4794.41129087243
576 410.128512656465 4794.48602175181
577 419.459603936895 4806.7838635509
578 419.592576369974 4806.60100708152
579 419.562581393108 4806.63224273601
580 419.463260411572 4806.41161424164
581 419.42385633598 4806.46873169659
582 419.46636065677 4806.4949930703
583 419.570541218876 4806.45754118927
584 419.46954701049 4806.83672676
585 419.509557170061 4806.87812405165
586 420.341860228778 4807.12804900922
587 420.528518812065 4806.95757339228
588 420.379934831003 4807.14326098005
590 421.587945751483 4806.7937907594
591 421.672701936861 4806.54733726873
592 421.646143274847 4806.47778114169
593 421.62821305672 4806.47487926849
594 421.627759385184 4806.7775561099
595 421.557288290776 4806.66419252447
596 421.547200690448 4806.73683989747
597 422.005983244037 4771.37220895196
598 421.760939613689 4771.46886407175
599 421.885406690127 4771.26341072212
600 422.046457120079 4771.13861987431
601 422.260459557192 4771.17405255993
602 422.229387685096 4771.23327123984
603 422.502945708523 4771.13742019056
604 422.415711084208 4770.85341733889
605 422.262478945031 4770.62225640595
606 422.178557794899 4770.32322486492
607 422.294278810588 4770.44074675577
608 422.387216540333 4770.73145826341
609 422.485130907689 4771.07398200172
611 420.663458411746 4769.52255084164
612 420.6299693377 4769.7656189119
613 420.658571569589 4769.86580116613
614 420.539580579547 4769.67348577954
615 420.610848553522 4769.54959589616
616 414.342066654766 4784.94977302728
617 414.403926935162 4785.05584420376
618 414.499080842077 4785.30300174448
619 414.666321875891 4785.26868893405
620 414.611771793913 4785.01979715493
621 414.499346488754 4784.98189141092
622 412.757465707873 4786.89236659329
623 412.591728906964 4786.88205733352
624 412.39071483402 4786.73736503692
625 412.351699281519 4786.40142988456
626 412.353374276962 4786.55013427586
627 412.331556042556 4786.8608634504
628 412.306232770162 4787.15153402542
629 412.294175018228 4786.98508086018
630 412.31899029071 4786.66131727567
631 412.639230064292 4786.54645197247
632 412.719813179136 4786.52197984709
633 413.356736410525 4786.90213394126
634 413.18644162355 4786.96717527359
635 413.282490600551 4787.24462828469
636 413.211582416844 4787.5172167271
637 413.169029086207 4787.28228753956
638 413.188612806044 4787.24505013069
639 413.132585808272 4787.13158428354
640 413.02794597076 4786.96398258504
641 412.903170301409 4786.84162483654
642 412.974727499263 4786.30300719518
643 413.113043009557 4786.58791383252
644 413.229313817601 4786.71205012877
645 447.082405380346 4813.23805262476
646 446.991162147239 4813.47444948247
647 446.840720691862 4813.47541304114
648 446.929654909928 4813.45994009135
649 446.923401557417 4813.50808042604
650 446.954133768814 4813.66155201524
651 447.013678994795 4813.797026631
652 447.015637882939 4813.73759153644
653 447.161507871343 4813.91759220865
654 447.192970127104 4813.88658047787
655 447.006487891067 4814.0240997776
656 446.992185408926 4813.92303224594
657 446.961035658864 4813.86008159518
658 446.868376237937 4813.62824216041
659 446.885468291946 4813.50837946096
660 443.281410919252 4805.81196213674
661 443.279111713304 4805.93348599247
662 443.348096322658 4805.91313730287
663 443.219994640605 4806.06792672737
664 443.122352153305 4806.21391005278
665 443.128330311788 4806.32758983177
666 443.013510280453 4806.12619840265
667 443.254616775588 4806.0347605292
668 443.156920159767 4805.78013400548
670 430.837964874103 4830.06917674207
671 430.809040722233 4830.18288075475
672 430.764108872085 4830.2544315571
673 430.757112673317 4830.14742958418
674 430.784400276661 4830.06284333259
675 430.721856272257 4829.976297494
676 430.793948601233 4829.97166496779
677 430.793365783458 4830.03242783531
678 430.802379998549 4829.97546544087
679 430.826147437059 4830.01876058806
680 430.906544875727 4829.95095417812
681 430.840553293396 4830.01505755252
682 430.877602425134 4830.01611920123
683 430.883634629307 4829.99073237415
684 431.442683176969 4830.101615406
685 431.592510504064 4830.08408961725
686 431.658421622034 4829.96401404063
687 431.619888882809 4829.81756926589
688 431.612348944563 4829.80620574169
689 431.481308616369 4829.81498622988
690 431.530191436534 4829.72629497274
691 431.489210024016 4829.71171903555
692 431.569813575091 4829.57616450526
693 431.426025501111 4829.71969610071
694 431.417424114334 4829.91216185493
695 431.376369627508 4830.01643508658
696 431.521880974301 4830.13701520378
697 431.612649741117 4830.16774383378
698 436.73595962972 4822.20255378059
699 436.688455622185 4822.16801449614
700 436.692797077436 4822.14864749785
701 436.679483610465 4822.13322326838
702 436.633273654762 4821.99615508823
703 436.632868670641 4821.91896567179
704 436.64787095225 4821.71934357287
705 436.767439578623 4821.67623288004
706 436.794732315429 4821.6145547277
707 436.831681594464 4821.63464395706
708 436.863621203015 4821.75785276089
709 436.836682373958 4821.88294790064
710 436.896784399549 4821.87383071899
711 436.885373726722 4821.96634758709
712 436.823391204819 4822.16196803466
713 436.734056647398 4822.240668515
715 444.458168590702 4829.29479408421
716 444.417500750527 4829.31467926143
717 444.477183071892 4829.47623323017
718 444.612621066325 4829.66559464852
719 444.558849595092 4829.92527286955
720 444.480583236201 4829.79896971874
721 444.49515838041 4829.74664683543
722 444.514326648015 4829.58632752109
723 444.474995482438 4829.51412565784
724 444.404511392468 4829.48038989684
725 402.838322949389 4833.69360794364
726 403.080266493289 4833.90793868833
727 403.234267180655 4833.75885539379
728 403.238055292175 4833.40155014545
729 403.310382007435 4833.22076904718
730 403.155392708165 4832.94007526305
731 403.093388386259 4832.60227350316
732 403.085239065282 4832.21759228655
733 403.035886523441 4831.86816630197
734 402.939867399071 4831.57829195735
735 402.882606690354 4831.735974289
736 402.683244207904 4832.05323970866
737 402.44607300355 4832.26597564061
738 402.400052987387 4832.6013470514
739 402.475961085432 4832.96082476646
740 402.571374209648 4833.31968612687
741 402.587071324191 4833.41165875402
742 422.920893659726 4834.27339283489
743 422.852068122745 4834.36826787928
744 422.728618652954 4834.37669013572
745 422.691264053535 4834.38922896421
746 422.692324708058 4834.37633181149
747 422.701828079619 4834.38222016615
748 422.711411883791 4834.3811097725
749 422.721719934531 4834.37288211966
750 422.868789806878 4834.31475832648
751 423.008446796416 4834.16586249456
752 422.962820454812 4834.11151576953
753 423.015597824669 4834.16355869352
754 423.052245334283 4834.19457185494
755 409.958271308971 4774.67326935964
756 409.918525079861 4774.43621266335
757 409.914405841742 4774.21679010143
758 409.629089900011 4774.16547376787
759 409.500497973148 4773.98579933705
760 409.760969377096 4774.08986490572
761 410.024290518114 4774.1700222876
762 409.956959746475 4774.35828829861
763 409.895089854977 4774.67010544697
765 409.127793613119 4774.79702498413
766 409.036196054035 4774.6459669567
767 408.933543286571 4774.39853630582
768 408.921772741149 4774.49810279661
769 408.949616585592 4774.80395603285
770 408.975093626152 4774.84126921582
771 411.307270158839 4775.20838762898
772 411.224131677185 4774.93423613349
773 411.318920498288 4774.68420393941
774 411.409936398351 4774.38746161736
775 411.417666223276 4774.7131315692
776 411.568111458074 4774.97052869911
777 411.432559562625 4775.09546579004
778 411.436783436749 4775.16383052979
779 433.358930655924 4805.29451532546
780 433.384110158193 4805.46608835279
781 433.167527156499 4805.67648034281
782 432.9791709373 4805.89004247289
783 433.258402756976 4805.74311056964
784 433.284781076328 4805.61789880306
785 433.400866063235 4805.31742578624
787 432.42969359485 4805.46801896868
788 432.439213055501 4805.81234528108
789 432.389484806176 4806.16770527277
790 432.586373005481 4806.17051223652
791 432.681639082496 4806.32016970757
792 432.739774345732 4806.34391409782
793 432.521483759291 4806.1112948882
794 432.574631391185 4805.8299841863
795 432.44005671197 4805.53244571139
796 432.406029772238 4805.51501539016
797 431.432076685622 4805.6344597222
798 431.358341246342 4805.92543039748
799 431.338715212702 4806.20929856509
800 431.375114632459 4806.17338657466
801 431.349703461431 4805.91219002265
802 431.389226303389 4805.64155910324
803 431.382002380867 4805.6399664885
804 433.167231459546 4783.19413092211
805 433.29064077621 4783.36651152935
806 433.373575825702 4783.27296027033
807 433.525301971406 4783.35055252069
808 433.445236275781 4783.18118637936
809 433.349707624616 4783.07605634698
810 433.300988002249 4783.0877514597
811 434.066366775489 4783.51076882912
812 434.037498887598 4783.55014314746
813 434.097592830676 4783.53023537424
814 434.095011461498 4783.38965417093
815 434.226180405536 4783.66148879763
816 434.194050482896 4783.53174451215
817 434.326371445055 4783.41884651247
818 434.140547427843 4783.30102867082
819 433.904711459847 4783.38028395025
820 433.953487679055 4783.46655051103
821 431.915987231584 4782.4054393475
822 432.114939172506 4782.28516774298
823 432.369728990397 4782.18133947658
824 432.259640053988 4782.40434038781
825 432.048308044404 4782.36713182592
826 432.322444307289 4782.21523996379
827 432.113739655824 4782.19755035484
828 432.052066242421 4782.22271126468
829 446.147111152079 4770.23248063738
830 446.29916458111 4770.39686943787
831 446.265910094585 4770.72241808843
832 446.207426717206 4771.03761544156
833 446.314890833557 4771.2475564253
834 446.380033065053 4771.19940071535
835 446.220962084202 4770.93733497048
836 446.209706790545 4770.70720162478
837 446.167637461642 4770.41989461692
838 446.192141432161 4770.29620568235
