#TrapID X Y
1 444.61899990067 4795.75474842504
2 444.571841405047 4795.6210820019
3 444.579086932325 4795.31715638615
4 444.72418756972 4794.99955471205
5 444.771414285885 4795.24095181405
6 444.723055747745 4795.0000081955
7 444.662654967481 4794.70518712252
8 444.621762377868 4794.51516081941
9 444.53648581744 4794.69044797408
10 444.637977615104 4795.05023664236
11 444.706375200133 4795.33133169273
12 444.506713780014 4795.28409703408
13 444.517450147107 4795.52545844251
14 444.724947210978 4795.56974174497
15 445.84629241408 4796.06068463652
16 445.891031218181 4795.90517345717
17 445.809132925233 4795.80509505068
18 445.900096056135 4796.04503912732
19 445.751424906623 4795.97137259178
20 445.528152287883 4795.78824637799
21 445.487543361928 4795.57933222497
22 445.359384906131 4795.33580627105
23 445.487145653063 4795.25781096746
24 445.663548093471 4795.30814855194
25 445.879089598033 4795.57785828194
26 445.970403624063 4795.81091458184
28 443.622413657866 4795.58538153613
29 443.645159345405 4795.66782278912
30 443.714399970611 4795.57761958035
31 443.671185158554 4795.5498800056
32 443.666066680729 4795.44152555367
33 443.671885600875 4795.44880728812
34 443.671994987408 4795.4327023147
35 443.870394749717 4781.90568354179
36 443.814038660671 4781.9304709376
37 443.627354270133 4781.97732796918
38 443.56293042603 4782.13634501339
39 443.408710958259 4782.38262521923
40 443.554472735397 4782.1649576585
41 443.573595892386 4781.97222067938
42 443.576497799433 4781.98896668995
43 444.947872710304 4781.89321336242
44 444.823395160882 4782.07613781036
45 444.892181182504 4782.1910823794
46 444.900181223935 4782.22566822882
47 444.887015397666 4782.34583056265
48 444.927274809218 4782.47066889451
49 444.916100174548 4782.25474802201
50 444.974620048778 4782.06536167558
51 445.072278621345 4781.98238818658
52 445.993632755344 4782.01077200385
53 446.028864401511 4782.25193568055
54 445.875754829096 4782.42373978188
55 445.891981201601 4782.56354574577
56 445.721524317719 4782.71883267149
57 445.701990206654 4782.67400943932
58 445.793162751074 4782.45016335891
59 445.892439687371 4782.23302884
60 445.935161396795 4782.11785359517
61 455.374392092648 4796.15934229839
62 455.309062976048 4795.96741787369
63 455.170841827426 4795.69234829707
64 455.144807576667 4795.47162320098
65 455.25963951775 4795.40933677699
66 455.280281265125 4795.34200947749
68 455.905847093825 4795.94440382448
69 456.114872958848 4795.8263227184
70 456.358000479722 4795.71347027102
71 456.398728849489 4795.42645292211
72 456.40275379676 4795.11934827849
73 456.420195907976 4794.81748831162
74 456.219265263074 4794.81334188104
75 456.209502898969 4795.09738336043
76 456.252013796037 4795.3504348281
77 456.304266640598 4795.17806679909
78 456.433327520144 4795.32072403465
79 456.38977420106 4795.64796274722
80 456.156560015216 4795.87702898301
81 455.967795446486 4796.06794311897
82 455.998424136642 4796.16403259499
83 448.899140348671 4815.88679568803
84 449.017544054484 4815.64510957136
85 448.874648023522 4815.54712378953
86 448.843237539618 4815.47850236112
87 448.68065946601 4815.64222757938
88 448.590931383825 4815.47631523366
89 448.389580252802 4815.43354123054
90 448.389129056258 4815.406333826
91 448.274007005364 4815.34668718741
92 448.230588325852 4815.31581176657
93 448.253758265723 4815.16358596439
94 448.446098688826 4814.91554665604
95 448.526419885194 4814.72756606649
96 448.398000741588 4814.96022994748
97 448.225581857423 4815.19056921644
98 448.382439403393 4815.47246865115
99 448.579653999924 4815.57724813964
100 448.843194164275 4815.50471394664
101 448.931607349579 4815.59411599247
102 448.985519057458 4815.74053462032
103 448.892423158851 4815.83275818617
104 457.23700689082 4796.16253958736
105 457.36921621009 4795.96124427201
106 457.265564735005 4795.66348165949
107 457.253206009506 4795.33715704174
108 456.989236857664 4795.1991156566
109 457.179427163332 4795.31518910283
110 457.335689282708 4795.60806533518
111 457.086151403245 4795.65939625009
112 457.240660028863 4795.90630302243
113 457.303233260161 4796.1328020949
114 457.375321642495 4796.18399048581
115 448.013079575586 4815.30738116783
116 447.97700147336 4815.16971737632
117 447.748555338972 4815.02388147359
118 447.726098150367 4814.99573427555
119 447.72431331794 4814.77628402193
120 447.890213277497 4815.03144653345
121 447.954569614155 4815.15511914536
122 405.225091410635 4831.85871044996
123 405.199131045686 4831.95127766928
124 405.210423463715 4831.68884838328
125 405.198178699384 4832.00938812644
126 405.398528075479 4832.35335914755
127 405.400445950061 4832.41487261922
128 405.428085160644 4832.73240481288
129 405.596095478421 4832.88477374054
130 405.427577938533 4832.86782351997
131 405.441690892667 4832.7989741857
132 405.403718778417 4832.42382418949
134 420.938676499142 4829.40546690749
135 420.829261598191 4829.31156593392
136 420.643741279411 4829.47704268106
137 420.67387116765 4829.47935181799
138 420.439286536601 4829.56955001073
139 420.427040458243 4829.59168860637
140 420.696095792193 4829.48197678366
141 420.825924167095 4829.45944827108
142 420.753457930776 4829.02310738037
143 420.555415463199 4828.89526998914
144 420.359621747974 4828.78751644207
145 420.617536513441 4828.92030377641
146 420.736376065727 4829.01186847796
147 418.852656321099 4816.6941756173
148 418.802895177909 4816.79863115105
149 418.763254477151 4817.09157057602
150 418.849514273833 4817.39898539622
151 418.753232074358 4817.57386926577
152 418.831607408966 4817.29523502204
153 418.775063842715 4816.93792208811
154 418.805487591139 4816.79904416796
155 418.816372687832 4816.74959546928
156 420.74168164821 4816.7989507825
157 420.736688814072 4816.73203177774
158 420.461846495373 4816.68340326097
159 420.278040778201 4816.78443478124
160 420.473791735604 4816.59262535125
162 421.320730743511 4817.59033378097
163 421.426116498263 4817.48324828322
164 421.283218646112 4817.30020246
165 421.274164943372 4817.29342180117
166 417.355973074006 4812.53040476367
167 417.41118828393 4812.65868574437
168 417.640028974217 4812.73430327336
169 417.341184296981 4812.5977865476
170 417.3388050607 4812.54894274267
171 416.254696665007 4812.73060995805
172 416.5055277646 4812.6407468524
173 416.450208084944 4812.6033337883
174 416.413725493461 4812.63000009413
175 408.593960531706 4804.62062351681
176 408.216709253611 4804.54343077023
177 408.249950999277 4804.65283492332
178 408.234117048269 4804.89453286417
179 408.050311421325 4805.11430092476
180 407.916877423551 4805.14233336999
181 408.193348840075 4805.17889050989
182 408.338104329815 4804.92266742274
183 408.418745694328 4804.77639503922
185 408.709193219776 4805.97765440143
186 408.665322338224 4805.69822097972
187 408.916528843181 4805.63517902526
188 409.069596055505 4805.44761671961
189 409.171362986187 4805.17910615587
190 409.426384153955 4805.16923855633
191 409.324140330701 4805.48140475558
192 409.270630596683 4805.79102957319
193 408.938391316949 4805.6887567352
194 408.650636855658 4805.77417459376
195 408.63511231367 4805.91378712021
196 400.681934070198 4812.07318656248
197 400.641212696451 4812.39581577186
198 400.763916958397 4812.68360023127
199 400.901498158212 4812.99882748729
200 400.943480108271 4813.12462223443
201 400.924875562513 4812.14547977864
203 400.90071702629 4812.14250253957
204 401.060516710571 4813.02270569658
205 401.331152777345 4812.83956027564
206 401.470669892488 4812.70277541386
207 401.182722918294 4812.56136335766
208 401.080457613929 4812.31426119901
210 420.084303093711 4781.40204834879
211 420.211540249322 4781.57815306647
212 420.236043536971 4781.59530344942
213 420.282389353802 4781.62452651285
214 420.161543451906 4781.70191426201
215 421.308333582198 4781.39777743542
216 421.4187262231 4781.65939879364
217 421.418459995567 4781.84743955311
218 421.320244688179 4781.7389508688
219 421.304433335428 4781.59463458106
220 421.094162785525 4781.44701741846
221 421.04455536226 4781.33963499386
222 422.01141777136 4782.71038633357
223 422.119492991116 4782.61051981889
224 422.167273079996 4782.36873408748
225 422.19833783651 4782.18578367349
226 422.233838088738 4782.26978901911
227 422.263043338726 4782.49992027709
228 422.489072882362 4782.67349362936
229 422.169425925704 4782.6775883897
230 422.158293182303 4782.69892971477
231 416.002954841221 4790.91088808981
232 415.928587787925 4790.64101665969
233 415.817438229328 4790.59974345824
234 415.746390767811 4790.53264955557
235 415.8958065326 4790.79259149999
237 444.754448567435 4807.60520791808
238 444.917237669066 4807.65274539938
239 445.025787557641 4807.48215394246
240 445.168957384722 4807.46643969319
241 445.112324530421 4807.38160276751
242 445.120258699788 4807.26214421482
243 445.132162584081 4807.25249590116
244 445.133175583026 4807.22772035079
245 445.086419621474 4806.96399002782
246 444.857890595621 4807.1963115862
247 445.062226183636 4807.3636848335
248 445.29819521773 4807.51970121019
249 444.958616975309 4807.53490170748
250 444.70453448858 4807.56030249408
251 444.621320150878 4807.65039174627
252 443.771037978358 4805.71768244201
253 443.839416171286 4805.89659325362
254 443.749509389217 4805.99130216929
255 443.786513024845 4805.84505541841
256 443.712032275518 4805.7406090917
258 432.514735645042 4830.3561948333
259 432.563223299979 4830.54797276356
260 432.540005615604 4830.50988656229
261 432.484433390359 4830.4559098548
262 432.515597535175 4830.34563428322
263 432.550379294103 4830.26597842514
264 432.564995637829 4830.28315857135
265 432.697077957116 4830.19419449206
266 432.59850368998 4830.22117629717
267 432.647579050396 4830.29499011829
268 435.03063000307 4822.48317857943
269 435.109912829931 4822.31125327332
270 435.060635861503 4822.23620192592
271 435.095610832256 4822.19387943306
272 435.066917963667 4822.20915119019
273 435.162355114928 4822.02807386486
274 435.189977349143 4821.9687181233
275 435.789683965719 4821.46314557621
276 435.893977253121 4821.51268628948
277 435.998875224384 4821.50713234293
278 435.94845087296 4821.67566113512
279 435.959179446402 4821.80950877964
280 435.922532408785 4821.8551746387
281 435.824739466997 4822.02882149062
282 435.692352446628 4822.28443730478
283 435.678787177206 4822.27668123979
284 426.72106915002 4821.62635724507
285 426.695236209915 4821.48024505867
286 426.651946088783 4821.42262643006
287 426.5345285855 4821.31017068329
288 426.552540002498 4821.37606212011
289 426.619071657481 4821.46796990538
290 427.835437890437 4822.75023354513
291 427.847829991174 4822.43743104121
292 427.763787525374 4822.34492233885
293 427.647769209192 4822.16412306803
294 427.743116012196 4822.09800822073
295 427.86918884854 4822.3425678151
296 427.918657213716 4822.6838070119
297 427.895782695653 4822.76535770122
298 442.189806795599 4829.25322202505
299 442.119708259739 4829.47141122295
300 442.027018358513 4829.74533126506
301 442.171884137904 4829.89757700724
302 442.097531891343 4829.59455622179
303 442.147860335064 4829.3018989812
305 443.357658484572 4829.44272951504
306 443.423264954528 4829.62443898712
307 443.448500451507 4829.63144544292
308 443.407156619857 4829.58025860553
309 443.182464874125 4829.35669040168
310 443.199928440754 4829.3415480984
311 404.036627077749 4833.72142027014
312 404.05229966188 4833.36861199241
313 403.936336118815 4833.05612702133
314 403.922130067046 4832.72951917112
315 404.023164574545 4832.43347321923
316 403.988601100787 4832.49862007978
317 403.914484898149 4832.79827933165
318 403.979582060829 4833.13537662412
319 404.071457392476 4833.39955227018
320 404.055401719008 4833.51186706839
321 428.602070815683 4820.82837714213
322 428.572364324074 4820.86157014863
323 428.615510109099 4821.06659491188
324 428.722875117283 4821.02657997184
325 428.711303611144 4821.17731636926
326 428.680695612448 4821.39189916916
327 428.70292148617 4821.30113955425
328 428.6845435766 4821.15305341966
329 423.318721789086 4833.07719529763
330 423.590746999841 4833.22925815588
331 423.934083381852 4833.20602061002
332 424.219632391742 4833.25065558805
333 424.550591758923 4833.30289918254
334 424.839211016129 4833.44938219141
335 424.585740423354 4833.322829955
336 424.276418120525 4833.23668385417
337 423.974477283601 4833.18334651965
338 423.625505745198 4833.20764593996
339 423.451112834029 4833.17142774783
340 423.424762634452 4832.15804854229
341 423.429149989035 4832.1748819258
342 423.716412291158 4832.15327566757
343 423.817945386621 4832.19310674581
344 423.492437648218 4832.09385057965
345 423.391172968108 4832.09189821055
346 421.11374174741 4830.05131327681
347 421.042853829108 4829.98661303065
348 421.040903467977 4830.01285008828
349 417.093524141103 4789.96680713326
350 417.049609490195 4789.76786029882
351 417.228124849967 4789.59452025301
352 417.082944189721 4789.459675306
353 416.902307261672 4789.34703728197
354 416.938428068655 4789.47910278953
355 416.963296311902 4789.72004467465
356 417.027666070997 4789.84554505828
357 418.31925817737 4790.93847057534
358 418.325548091132 4790.80022294998
359 418.325082247059 4790.93007014947
360 418.335473640875 4790.9437178039
361 433.401060174639 4793.39721750207
362 433.32628886506 4793.59842567927
363 433.614399279933 4793.58393572199
364 433.545797613817 4793.63703085778
365 433.286028559335 4793.59637841046
366 433.367240380161 4793.53049517533
367 432.684672896982 4794.36168076145
368 432.4038864199 4794.20431899948
369 432.239896653712 4794.0135906721
370 432.477193255608 4793.81885618353
371 432.432651885544 4793.89182607028
372 432.246884211584 4794.10392844752
373 432.568411314609 4794.25410329126
374 432.602702686871 4794.26808962931
375 431.663569253036 4795.33095866949
376 431.641522414422 4795.00286911586
377 431.532585675777 4794.74585113286
378 431.440771727013 4794.55441278187
379 431.456143935514 4794.86313260459
380 431.638651700465 4795.120295149
382 432.449554551874 4769.75053238428
383 432.52376085415 4770.02623074149
384 432.321440702026 4770.16450566123
385 432.617821156731 4770.05406679198
386 432.627751708533 4769.87238332223
387 432.484020235703 4769.75330125209
388 432.47103654555 4769.71644616725
389 433.437309739694 4770.05502483578
390 433.570600699498 4770.29994937222
391 433.514585028658 4770.63356728249
392 433.459563662769 4770.93496846196
393 433.277078552 4771.15287528289
394 433.342932856731 4771.27828658269
395 433.246637778523 4771.01156957861
396 433.471126003908 4770.75993417654
397 433.421854444016 4770.43200628441
398 433.567412790687 4770.2065779328
399 433.468426230598 4770.09026114874
400 434.538458401721 4769.90999555238
401 434.802946887462 4770.07860966466
402 434.832202358225 4770.30345052334
403 434.805983159402 4770.33690800832
404 434.78193898562 4770.0525999558
405 434.660785208131 4769.98290145978
406 445.241351783935 4770.25601043809
407 445.378262090466 4770.46825533544
408 445.46639005203 4770.65812561588
409 445.605007235783 4770.91278530562
410 445.720437534799 4770.84245547721
411 445.439178955537 4770.66533967081
412 445.394946883718 4770.47811704687
413 445.311559369105 4770.36228510152
414 444.501666546485 4770.88113051717
415 444.53061238192 4770.9674093497
416 444.526671012721 4770.82295505107
417 432.732661634244 4760.03716186418
418 432.597973052983 4760.14477005167
419 432.756504408206 4759.932864884
420 432.767104403243 4759.92465348185
421 432.779272739221 4759.95163260192
422 432.804131309668 4759.97571074902
423 432.81191811953 4759.96330674844
424 432.828041046005 4759.8947359112
425 432.812028618596 4759.78338913273
426 432.690342393602 4759.99515280965
427 432.646539988265 4760.00135848574
428 433.884525225594 4758.1876966475
429 433.902988471174 4758.25026685104
430 433.877584474551 4758.10224824047
431 433.973760563129 4758.02024806681
432 433.911627303492 4758.51183842453
433 433.825587874655 4758.64627271525
434 433.842689952765 4758.44120372635
435 433.677857066402 4758.64103738237
436 433.707597089337 4758.71438177424
437 434.895057143105 4759.35791020028
438 434.957477810072 4759.26813711365
439 434.771293384216 4759.15340650628
440 434.622897135825 4759.31641155362
441 434.729860815413 4759.32349897811
442 444.713113516232 4819.05083515717
443 444.635910273868 4818.77358227622
444 444.516875928872 4818.73668976265
445 444.640007758694 4818.63316064917
446 444.696691460774 4818.3610260221
447 444.760696712106 4818.10382587351
448 444.835730018039 4817.92905823234
449 445.07549608076 4818.0593757656
450 445.122126703252 4818.37520044119
451 445.133488710813 4818.54925951402
452 444.923928577126 4818.41380576687
453 444.674110610146 4818.31811803075
454 444.589909814563 4818.62502116245
455 444.619891427339 4818.81092142899
456 444.665177308214 4819.07910717228
457 444.60354244362 4819.11226824774
458 444.322325346812 4818.82370797124
459 444.27823538227 4819.11129121824
460 443.89905953237 4819.14398812259
461 443.833115295459 4819.16386429653
462 443.967304323808 4818.96371322502
463 444.135099939654 4818.7898306465
464 444.065425387756 4818.67267933901
465 444.137035081552 4818.6238811964
466 443.187417707434 4817.33246821522
467 443.179948530472 4817.63496558255
468 442.911451656938 4817.78329166042
469 442.692038950796 4817.99873892159
470 442.817074690871 4817.90204622125
471 443.020233912186 4817.63742726792
472 443.029240247262 4817.33591617576
473 443.130888063076 4817.34905050702
474 416.461732895832 4825.31278843686
475 416.283620268633 4825.309120956
476 416.250225109656 4825.247445187
477 416.317925031614 4825.28836585866
478 416.510220147277 4825.34795201145
479 416.535611282676 4825.64932310802
480 416.461384184618 4825.96581874717
481 416.140463172687 4826.09278559707
482 416.238029855519 4826.04302571266
483 416.244465057228 4826.04105704852
484 416.859849741112 4826.21134922879
485 416.624218111749 4825.97601177314
486 416.659599384618 4825.86660496133
487 416.577131037959 4825.92316870377
488 416.593454284835 4825.59284285663
489 416.69021327957 4825.52921520112
490 416.702652448234 4825.50995542605
491 416.540062143401 4825.37090709978
492 416.492302767789 4825.21899164845
493 416.56679516361 4825.96861694467
494 416.630260840036 4826.0009291691
495 416.693730182455 4826.09211311774
496 414.776815706415 4826.12518710371
497 414.747747361908 4826.06168625074
498 414.997158492361 4826.25779635509
499 415.013710056654 4826.39154730756
500 415.030322707779 4826.14129923808
501 415.329206296242 4826.11252782588
502 415.328550050262 4826.1053160182
503 415.227541599197 4826.1569100726
504 413.384093233893 4816.44100087233
505 413.253760037818 4816.46134071728
506 413.373364223682 4816.39904063712
507 413.545400147744 4816.42082095869
508 413.698465802561 4816.48939028774
509 413.560238575209 4816.46172895564
510 413.449241116427 4816.62110773405
511 413.452975038175 4816.72280663048
512 413.554250415897 4816.4676929771
513 413.535385576511 4816.4155068367
514 412.347316386866 4816.59493903414
515 412.513565057784 4816.68785815843
516 412.444587854593 4816.93623690679
517 412.463860362571 4816.90732803913
518 412.479248956268 4816.61088314621
519 412.257111854975 4816.51724930767
520 412.220725569455 4816.56082209884
521 412.17021432029 4816.76741980957
522 412.159003873977 4816.63338390895
523 412.167390828357 4816.61305823404
524 411.212856678836 4817.10711053986
525 411.225956944967 4817.27266683537
526 411.268621104503 4817.28898793235
527 411.421383475238 4817.11913532839
528 411.129711701384 4817.17263386306
529 411.226002663152 4816.9758644375
530 411.150877182316 4816.93853399147
531 416.061464267897 4813.13110963239
532 415.780942464799 4813.03142156713
533 415.449084948647 4813.06445830067
534 415.549725779065 4813.12228824171
535 415.618736110798 4813.21272778468
536 415.952019736528 4813.29453371163
537 415.696666100402 4813.13688694406
538 415.666647834581 4812.98797681079
539 416.063853728512 4813.14107666617
540 416.116511616892 4813.15330551223
541 399.264146162536 4811.28199011766
542 399.36939565836 4811.20310404977
543 399.442550242678 4811.46283569503
544 399.619950282876 4811.75078488987
545 399.678711414531 4812.06660811604
546 399.831614415338 4812.34137497151
547 399.935649661502 4812.56832726712
548 400.15390467036 4812.75537472582
549 400.11550505027 4813.04698177037
550 400.154422575299 4812.73026226954
551 399.918477171041 4812.59435362646
552 399.729383488323 4812.5569529513
553 399.668716646012 4812.27037250966
554 399.665805961628 4811.98248808939
555 399.532606433881 4811.67866037928
556 399.37914838543 4811.36847247781
557 399.353986262264 4811.29853245367
558 409.88040821319 4806.09265726162
559 409.982281858819 4806.32866994744
560 410.013091338075 4806.41023410741
561 409.928168379085 4806.20620718425
562 409.682920215496 4806.32011665796
563 409.735673657209 4806.31030275885
564 409.889722042353 4806.11086066888
565 409.996011306611 4805.78509785282
566 409.999144326043 4805.78316778082
567 408.422052661779 4794.38479835731
568 408.153296061599 4794.55460527187
569 408.08890810896 4794.47894708712
570 407.972205055316 4794.26704320847
571 408.1828725322 4794.1687714291
572 408.255689044008 4794.0818126257
573 408.366583521774 4794.20660528737
574 408.406029094017 4794.24372666606
575 409.479423861387 4794.09301405528
576 409.164995898796 4794.19941055881
577 408.901406877249 4794.26059704367
578 408.523200199532 4794.25691700379
579 408.833975106419 4794.22962523172
580 409.030290972558 4794.3124039652
581 408.992483680326 4794.30635816907
582 409.202045593781 4794.11860661143
583 409.251232978711 4794.03530777781
584 409.281618209914 4794.06866783024
585 409.301155639884 4794.13416285221
586 409.287468652932 4794.14811938
587 409.528795028716 4794.03537323424
589 410.214575577047 4794.57063062802
590 410.1655699433 4794.30103498602
591 410.117504286377 4794.05975132312
592 409.989450336411 4794.0273509348
593 410.054849592148 4794.16832523755
594 410.167795469965 4794.36487352851
595 410.109933361973 4794.46149849334
596 419.460360872981 4806.83372632117
597 419.580415631601 4806.6270319533
598 419.562581393108 4806.63224273601
599 419.485725202589 4806.40079433205
600 419.42385633598 4806.46873169659
601 419.445553647845 4806.52934074954
602 419.51169919888 4806.40581609083
603 419.562024258288 4806.66023976733
604 419.509557170061 4806.87812405165
605 420.341860228778 4807.12804900922
606 420.559589020374 4806.94865503019
607 420.379934831003 4807.14326098005
609 421.587945751483 4806.7937907594
610 421.672701936861 4806.54733726873
611 421.651194279383 4806.48038824531
612 421.643628148304 4806.44248940796
613 421.667671890229 4806.71400382063
614 421.530860712465 4806.68260446197
615 421.557288290776 4806.66419252447
616 422.005983244037 4771.37220895196
617 421.734261742247 4771.51326305401
618 421.891220736987 4771.29488683486
619 422.019826697798 4771.14469946835
620 422.229622881414 4771.14674852351
621 422.229387685096 4771.23327123984
622 422.502945708523 4771.13742019056
623 422.40370499956 4770.84278046032
624 422.289679142257 4770.63027663696
625 422.198337482751 4770.3586514266
626 422.315947690408 4770.4061809715
627 422.375986769097 4770.69604502579
628 422.457841419401 4771.00776378095
629 422.485130907689 4771.07398200172
630 420.663458411746 4769.52255084164
631 420.6299693377 4769.7656189119
632 420.661709139427 4769.85554664802
633 420.539580579547 4769.67348577954
634 420.610848553522 4769.54959589616
635 414.342066654766 4784.94977302728
636 414.400489137887 4785.03445074692
637 414.470152980183 4785.28948186349
638 414.660769076162 4785.29874789007
639 414.612487188342 4785.0250085121
640 414.507959185995 4784.9884473363
641 412.757465707873 4786.89236659329
642 412.591728906964 4786.88205733352
643 412.39071483402 4786.73736503692
644 412.351699281519 4786.40142988456
645 412.364206418437 4786.47057772187
646 412.336389979662 4786.78860392487
647 412.298652850139 4787.05510982839
648 412.287046557195 4787.05570399874
649 412.34252196386 4786.7539812388
650 412.559196559772 4786.55048067972
651 412.696797273389 4786.54493435938
652 413.356736410525 4786.90213394126
653 413.18644162355 4786.96717527359
654 413.283191791511 4787.19141576489
655 413.235140991136 4787.5178042605
656 413.220934609869 4787.36570575762
657 413.197074993073 4787.23994371811
658 413.101510590901 4787.19107224683
659 413.097073492688 4786.95854379185
660 412.903170301409 4786.84162483654
661 412.974727499263 4786.30300719518
662 413.068812187266 4786.52083680308
663 413.30895406561 4786.74735380074
665 447.082405380346 4813.23805262476
666 446.950055133095 4813.49287669102
667 446.840720691862 4813.47541304114
668 446.913791406177 4813.54080921934
669 446.989629805689 4813.62917480438
670 446.939191284651 4813.59236527148
671 446.99234541476 4813.7070098673
672 446.976046376529 4813.69147803007
673 447.104993489544 4813.83795812162
674 447.127919223614 4813.84255388369
675 447.113362480511 4814.00759945345
676 446.985609959534 4813.91997418953
677 446.953796180198 4813.88568353331
678 446.87763742315 4813.70513704634
679 446.907722826945 4813.45844696493
681 443.281410919252 4805.81196213674
682 443.279111713304 4805.93348599247
683 443.33807970937 4805.89678381968
684 443.212335104762 4806.07187841096
685 443.11674100212 4806.19185547852
686 443.153180219805 4806.28806365672
687 443.063865501037 4806.16320229691
688 443.171540986515 4806.05478454648
689 443.226425889361 4805.81198001714
691 430.841790705706 4830.06458326637
692 430.809040722233 4830.18288075475
693 430.765766224833 4830.28207158441
694 430.751381882416 4830.1472666647
695 430.787781374393 4830.10112854507
696 430.714992252795 4830.00702457817
697 430.772439674768 4829.95955806571
698 430.823930649394 4829.9603591624
699 430.790438208644 4830.0068002446
700 430.785814339758 4830.04350204783
701 430.889842359895 4829.94324025593
702 430.888398039833 4829.94403266222
703 430.86078794186 4830.01318263997
704 430.877602425134 4830.01611920123
705 431.442683176969 4830.101615406
706 431.592510504064 4830.08408961725
707 431.645044642078 4829.97370272718
708 431.642907552158 4829.81166971314
709 431.612348944563 4829.80620574169
710 431.502381200896 4829.84764827126
711 431.486254493872 4829.8014958787
712 431.447632680493 4829.78878431058
713 431.567857740247 4829.57429624455
714 431.46295456135 4829.70887748251
715 431.395962564671 4829.8651756883
716 431.381476045328 4829.94773990296
717 431.435967115973 4830.08402357818
718 431.521880974301 4830.13701520378
719 436.740485847398 4822.21994905008
720 436.685284147016 4822.12295020434
721 436.666074803752 4822.16767013639
722 436.65095381022 4822.0119823259
723 436.626675247054 4822.05030814264
724 436.601382691573 4821.93836669221
725 436.637833492002 4821.74298494064
726 436.698611456373 4821.67688106188
727 436.765231643402 4821.63049310731
728 436.822459664016 4821.6076297683
729 436.856361731426 4821.72471127197
730 436.816198324337 4821.78373349047
731 436.832788352984 4821.80390316004
732 436.878879205112 4821.89421355195
733 436.865197845505 4822.15768752955
734 436.760424050014 4822.32983109931
735 436.713362203508 4822.31639068282
736 444.458168590702 4829.29479408421
737 444.435570429303 4829.32363702714
738 444.477400225071 4829.50244355833
739 444.588683909721 4829.62025452296
740 444.622637334058 4829.89142488367
741 444.487339433734 4829.88399213587
742 444.472290747814 4829.76227479312
743 444.493354057237 4829.61648965655
744 444.516498331274 4829.56598403421
745 444.429470900437 4829.50284082617
746 402.838322949389 4833.69360794364
747 403.050265750911 4833.91381640325
748 403.219712126478 4833.81771893407
749 403.233821688776 4833.44349051288
750 403.376321820031 4833.2566972242
751 403.149162802849 4833.0001514396
752 403.093303207667 4832.69114293651
753 403.092056902353 4832.30402897021
754 403.059478965563 4832.01534581447
755 402.966067239614 4831.62678977645
756 402.899434796493 4831.65563787173
757 402.777198634319 4831.92823705561
758 402.51478424408 4832.21420889395
759 402.379857647114 4832.51099562903
760 402.459416528361 4832.87175296201
761 402.52447312021 4833.14563121356
762 402.571374209648 4833.31968612687
763 422.920893659726 4834.27339283489
764 422.872221292068 4834.34659776706
765 422.731537959863 4834.37110259011
766 422.694239578269 4834.38153029431
767 422.689779295306 4834.38635812381
768 422.717432437022 4834.3787076249
769 422.702322142402 4834.38310307252
770 422.702498611381 4834.3774361219
771 422.867758190078 4834.30921638613
772 423.020716206066 4834.16683210925
773 423.016335045559 4834.16454990137
774 422.99930491758 4834.12831273049
775 423.015597824669 4834.16355869352
776 409.958271308971 4774.67326935964
777 409.902225237265 4774.45886443289
778 409.894659630336 4774.16340353242
779 409.642959778244 4774.15595997701
780 409.468772917732 4773.93757109554
781 409.70723858365 4774.09413038784
782 409.995512086403 4774.13508138723
783 409.945659562897 4774.26047261158
784 409.875968822752 4774.60238245098
785 409.862672725066 4774.64909713395
786 409.127793613119 4774.79702498413
787 409.036196054035 4774.6459669567
788 408.978748904929 4774.41414921739
789 408.895244050625 4774.49790183597
790 408.953676455653 4774.7545859059
791 408.975093626152 4774.84126921582
792 411.335354425961 4775.2471192479
793 411.219261263359 4774.97883897175
794 411.310476876999 4774.69186657834
795 411.382975249721 4774.39780830705
796 411.414217968644 4774.69196186
797 411.584458632701 4774.95121251874
798 411.383379614649 4775.04867764615
799 411.436783436749 4775.16383052979
800 433.358930655924 4805.29451532546
801 433.394675051239 4805.50263642317
802 433.165917503062 4805.65294993269
803 433.004308126535 4805.86069323861
804 433.204807116466 4805.70376728525
805 433.249332651414 4805.68577826554
806 433.374199140163 4805.39732426066
807 433.400866063235 4805.31742578624
808 432.42969359485 4805.46801896868
809 432.439213055501 4805.81234528108
810 432.386172992103 4806.13619512578
811 432.554967282493 4806.13950475824
812 432.638501442349 4806.31438021606
813 432.750123051013 4806.42355776704
814 432.571259162554 4806.15722395552
815 432.569234878466 4805.86535767106
816 432.448734929634 4805.61466019156
817 432.44005671197 4805.53244571139
818 431.432076685622 4805.6344597222
819 431.358341246342 4805.92543039748
820 431.326868297943 4806.17509893457
821 431.377052293841 4806.17281153631
822 431.354542718368 4805.91025265641
823 431.429493980142 4805.65925417158
824 431.401669752056 4805.63876703292
825 433.167231459546 4783.19413092211
826 433.285659227531 4783.37222464971
827 433.321814769608 4783.22293371029
828 433.481584142854 4783.31688355177
829 433.477828362061 4783.19874868677
830 433.390533351514 4783.06310614301
831 433.305258806453 4783.07582576887
832 434.066366775489 4783.51076882912
833 434.037498887598 4783.55014314746
834 434.097592830676 4783.53023537424
835 434.095011461498 4783.38965417093
836 434.226180405536 4783.66148879763
837 434.137066891856 4783.4450004702
838 434.344623976023 4783.4747571975
839 434.159952322218 4783.24919630707
840 433.958535642929 4783.33378071083
841 433.929390083056 4783.43657538078
842 431.915987231584 4782.4054393475
843 432.080216345804 4782.29917523354
844 432.359611298842 4782.20176474396
845 432.283577798025 4782.39266245028
846 432.037096689724 4782.37557363276
847 432.310613599527 4782.28399509031
848 432.184343265236 4782.14697843222
849 432.052066242421 4782.22271126468
850 446.120483713798 4770.20048408793
851 446.303640183517 4770.36562712995
852 446.258565830424 4770.67871929261
853 446.226739727977 4771.00947679056
854 446.286214011072 4771.22346045736
855 446.410225489008 4771.21959816248
856 446.243123729856 4770.98147232199
857 446.266284618019 4770.72863435406
858 446.116666326644 4770.49037392309
859 446.096472765878 4770.21122405755
860 446.072694514106 4770.21019019611
