#V1 V2 V3
1 444.753855104752 4795.79285206912
2 444.621404580702 4795.75128583196
3 444.511514595218 4795.74141217997
4 444.571841405047 4795.6210820019
5 444.568748169156 4795.48094672904
6 444.59035826896 4795.37637140931
7 444.569960367271 4795.26236632235
8 444.553978883911 4795.27182634001
9 444.619375756918 4795.175777885
10 444.683738759275 4795.30053015325
11 444.771414285885 4795.24095181405
12 444.817747818288 4795.15405681345
13 444.764159876414 4795.04754070821
14 444.677713332126 4794.89042680448
15 444.667499251909 4794.78189146908
16 444.615086145028 4794.65104431995
17 444.568118760345 4794.5317034718
18 444.621762377868 4794.51516081941
19 444.532316921462 4794.57753192792
20 444.533882353081 4794.72911890888
21 444.586580958879 4794.78566255823
22 444.640775558096 4794.90627723247
23 444.637977615104 4795.05023664236
24 444.711281533953 4795.15736827694
25 444.706375200133 4795.33133169273
26 444.648281595166 4795.1995310676
27 444.57122117226 4795.27768259214
28 444.530456406235 4795.37064218507
29 444.480549334563 4795.50576959055
30 444.591665758861 4795.52629474795
31 444.724947210978 4795.56974174497
32 444.7978098886 4795.6733238935
33 444.824016722996 4795.7145365648
34 445.873673643698 4795.99616085092
35 445.854825865819 4796.0832730543
36 445.896421461714 4795.90990605932
37 445.891031218181 4795.90517345717
38 445.830429272274 4795.84157513731
39 445.781134192628 4795.7621160237
40 445.826858251162 4795.85137715305
41 445.924318841959 4795.98098503659
42 445.850290140963 4796.08397569148
43 445.910712839813 4795.99342156755
44 445.751424906623 4795.97137259178
45 445.666828689145 4795.89908298971
46 445.561045534246 4795.81441467537
47 445.473399405264 4795.7768033146
48 445.454382648096 4795.66111871876
49 445.48281913752 4795.53650030968
50 445.481353801105 4795.41489921292
51 445.359384906131 4795.33580627105
52 445.434925207333 4795.25923096069
53 445.513126247424 4795.21073380089
54 445.567924761301 4795.23739236995
55 445.580425991415 4795.25894900679
56 445.69611513195 4795.33387588479
57 445.805191138379 4795.43406866203
58 445.879089598033 4795.57785828194
59 445.875360641122 4795.72015840023
60 445.970403624063 4795.81091458184
61 445.963048777643 4795.89538032783
63 443.623316755021 4795.54772381648
64 443.648391816158 4795.56895022776
65 443.63081557428 4795.59119792357
66 443.645159345405 4795.66782278912
67 443.662135236461 4795.63191942537
68 443.7197193345 4795.59312413234
69 443.659062199098 4795.5549786466
70 443.63642650184 4795.53450933479
71 443.646852196372 4795.53986465236
72 443.650864860241 4795.50551294777
73 443.666066680729 4795.44152555367
74 443.641858004556 4795.35876323581
75 443.687568813874 4795.3841495758
76 443.672224528858 4795.48956441225
77 443.669762574437 4795.51535139062
78 443.876703215204 4781.85276691397
79 443.841219410234 4781.92524878707
80 443.7511987345 4781.93765386596
81 443.814038660671 4781.9304709376
82 443.70497869197 4781.95969292955
83 443.642040393234 4781.96476754502
84 443.615482970073 4782.01574210515
85 443.592221455065 4782.11133563082
86 443.528944348046 4782.15373035118
87 443.439613316933 4782.23887833993
88 443.408710958259 4782.38262521923
89 443.460406379636 4782.32566562746
90 443.536177010344 4782.23207880392
91 443.584208680235 4782.09563153999
92 443.549642366766 4782.00396050041
93 443.579115792064 4781.98128182525
94 443.605074807183 4781.92675816053
95 445.037544935144 4781.85750444253
96 444.900378460077 4781.90892413727
97 444.814741422387 4782.01112696857
98 444.823395160882 4782.07613781036
99 444.796819478028 4782.06580275175
100 444.845615982088 4782.14070546537
101 444.893648014446 4782.2016211771
102 444.846099536704 4782.20034066464
103 444.885037630061 4782.23212132873
104 444.912914732469 4782.232672918
105 444.887015397666 4782.34583056265
106 444.941789174327 4782.3965855329
107 444.951329869662 4782.43082579426
108 444.936191523211 4782.42783866098
109 444.90260610176 4782.35447797656
110 444.935280383528 4782.19484254779
111 444.960905933536 4782.07780026147
112 444.974620048778 4782.06536167558
113 445.072278621345 4781.98238818658
114 445.038873185153 4781.89114480226
115 445.043577678827 4781.90010263061
116 445.927642233474 4781.95909829454
117 446.006823475161 4782.04476254589
118 446.028170413075 4782.14399136347
119 446.028864401511 4782.25193568055
120 445.930878778006 4782.29469438834
121 445.910957956926 4782.40557914528
122 445.834727516282 4782.46560267714
123 445.895662905126 4782.45434488766
124 445.898500854741 4782.59658963902
125 445.818550049086 4782.7095073908
126 445.721524317719 4782.71883267149
127 445.709878649598 4782.70537634814
128 445.719530883764 4782.71340665808
129 445.758846343865 4782.64057102582
130 445.760497620181 4782.51139550582
131 445.762006214511 4782.39488194583
132 445.84162064479 4782.36181813727
133 445.892439687371 4782.23302884
134 445.935161396795 4782.11785359517
135 445.878665941891 4781.96237532929
136 445.902333546666 4781.95463502173
137 455.330841649269 4796.23248453378
138 455.345658591295 4796.13065620425
139 455.312541113329 4796.03980577777
140 455.309062976048 4795.96741787369
141 455.260257647789 4795.84668515952
142 455.197267772562 4795.73959587828
143 455.129611766928 4795.61399113536
144 455.072609196885 4795.51763611132
145 455.181381957148 4795.44683694419
146 455.245958624871 4795.42541972239
147 455.25963951775 4795.40933677699
148 455.263408769432 4795.26782209527
149 455.265106834086 4795.24248932151
150 455.281087074577 4795.242939106
151 455.252748186096 4795.23779539058
152 455.875149310626 4795.90029103825
153 455.927936340571 4795.94925771817
154 455.971957506426 4795.77260903771
155 456.114872958848 4795.8263227184
156 456.216423490831 4795.82921936887
157 456.310313126917 4795.775970933
158 456.384186553218 4795.64922037881
159 456.360962829601 4795.53131395018
160 456.420006651463 4795.39322033921
161 456.395880594925 4795.24855436936
162 456.40275379676 4795.11934827849
163 456.427057873134 4794.9890305571
164 456.409683420012 4794.83499222602
165 456.415192579182 4794.72056588078
166 456.283213453268 4794.7559555912
167 456.181480967714 4794.87788942662
168 456.103301308028 4795.00422563686
169 456.209502898969 4795.09738336043
170 456.306524390915 4795.18860286238
171 456.252013796037 4795.3504348281
172 456.248163882735 4795.43242143715
173 456.273320797274 4795.28410593643
174 456.352477062904 4795.12056050466
175 456.391443554421 4795.20182700383
176 456.433327520144 4795.32072403465
177 456.441910490075 4795.49514289249
178 456.38977420106 4795.64796274722
179 456.286139562568 4795.77490525933
180 456.181973457457 4795.80656393491
181 456.095171509789 4795.91463156276
182 456.00640382875 4796.01927028624
183 455.967795446486 4796.06794311897
184 456.028949772812 4796.18193701504
185 455.972576711542 4796.31690738092
187 448.900755058545 4815.90777465657
188 448.911982006643 4815.83161011071
189 449.040609841349 4815.70124466227
190 449.017544054484 4815.64510957136
191 448.978721243337 4815.54777794183
192 448.928181556164 4815.49429488273
193 448.834096721239 4815.541878688
194 448.817904100045 4815.5711007379
195 448.869997545877 4815.44586816481
196 448.795555937924 4815.57771246196
197 448.68065946601 4815.64222757938
198 448.663079048789 4815.61659463175
199 448.603471791447 4815.57251257367
200 448.503640846591 4815.43933154031
201 448.380508352365 4815.5053586303
202 448.349862892448 4815.52658495866
203 448.389168336961 4815.44309595772
204 448.389129056258 4815.406333826
205 448.332365012537 4815.41709831718
206 448.324350107741 4815.43692937166
207 448.269790834558 4815.36626698681
208 448.202938584415 4815.20096136432
209 448.230588325852 4815.31581176657
210 448.216183654558 4815.29337641378
211 448.253758265723 4815.16358596439
212 448.294753645901 4815.03676824827
213 448.418357061624 4814.96784847469
214 448.439946527236 4814.86194954748
215 448.506267504125 4814.81013010418
216 448.566743615842 4814.71293056928
217 448.519469978635 4814.80225461553
218 448.398000741588 4814.96022994748
219 448.28205754542 4815.04730585509
220 448.225581857423 4815.19056921644
221 448.197912806799 4815.29396125075
222 448.324586299514 4815.40449664603
223 448.430672889521 4815.50930563841
224 448.510972204545 4815.52035270893
225 448.579653999924 4815.57724813964
226 448.695735012612 4815.60446171615
227 448.823986510443 4815.50963573438
228 448.880518882897 4815.50032098657
229 448.998505132507 4815.52286059932
230 448.963056098351 4815.58265993075
231 449.059833211681 4815.63434930949
232 448.985519057458 4815.74053462032
233 448.892423158851 4815.83275818617
234 448.886251318738 4815.90377539806
235 449.016290272531 4815.70376119314
236 457.257371614567 4796.2670287841
237 457.215318160129 4796.1437965154
238 457.322136817406 4796.05705165071
239 457.36921621009 4795.96124427201
240 457.336760442473 4795.81673861584
241 457.30474567344 4795.72953684241
242 457.246930033799 4795.5506521649
243 457.296191138593 4795.45316473286
244 457.244780286493 4795.30000544015
245 457.14254496448 4795.2284631131
246 456.989236857664 4795.1991156566
247 457.025414930481 4795.22565128379
248 457.145544123155 4795.2923030931
249 457.234136047696 4795.37392689725
250 457.320612956172 4795.54496770721
251 457.289583876852 4795.5885873919
252 457.122938978233 4795.56487407661
253 457.086151403245 4795.65939625009
254 457.175506415395 4795.77255523903
255 457.193514429098 4795.90160318193
256 457.316357354662 4795.91204483584
257 457.324354747253 4796.03582537627
258 457.329553690894 4796.16595395166
259 457.434624024878 4796.27823988543
260 457.440160015507 4796.30752471085
261 447.910201219506 4815.33627588891
262 448.013079575586 4815.30738116783
263 448.082335354161 4815.2386528735
264 447.97700147336 4815.16971737632
265 447.857413935164 4815.12965968063
266 447.770262438879 4815.07002707038
267 447.750345150145 4815.05652064941
268 447.777984254993 4815.02298673463
269 447.703040852983 4814.95282018684
270 447.715435495295 4814.83066365814
271 447.72431331794 4814.77628402193
272 447.804716187962 4814.88283774419
273 447.869047131734 4814.98196443086
274 447.906437543261 4815.13205676038
275 448.041015752752 4815.20754033673
276 448.078147437608 4815.30376915144
277 448.028464564764 4815.2995988948
278 405.202287308292 4831.75816889623
279 405.222923967264 4831.88229094279
280 405.199121654355 4832.02470438165
281 405.199131045686 4831.95127766928
282 405.238355274378 4831.82675271758
283 405.202881485779 4831.69184331739
284 405.210423463715 4831.68884838328
285 405.198178699384 4832.00938812644
287 405.338171345942 4832.26701116125
288 405.398528075479 4832.35335914755
289 405.260442878109 4832.31010025012
290 405.403493816179 4832.38505903094
291 405.386702151842 4832.48704929156
292 405.402256068774 4832.63434919175
293 405.43985857316 4832.76634133682
294 405.503487197082 4832.82198474645
295 405.596095478421 4832.88477374054
296 405.562237397005 4832.9264634565
297 405.465914988411 4832.84628717282
298 405.371371407426 4832.94348847361
299 405.423888527356 4832.88076139834
300 405.439182610023 4832.75846391253
301 405.398394870682 4832.61229801153
302 405.403718778417 4832.42382418949
303 405.40156429647 4832.3569820252
305 421.052701894105 4829.43200293868
306 420.896955535412 4829.39207464393
307 420.853646402793 4829.31938651356
308 420.829261598191 4829.31156593392
309 420.808622400002 4829.43632661044
310 420.677018177622 4829.47931456886
311 420.539365366066 4829.51571226717
312 420.631458446045 4829.48251981422
313 420.634715545751 4829.47814925152
314 420.549256266857 4829.51270700576
315 420.439286536601 4829.56955001073
316 420.488187783487 4829.52153987104
317 420.450758188947 4829.56374891543
318 420.459957596951 4829.55008835957
319 420.617924464391 4829.4845684133
320 420.735576768975 4829.48339801292
321 420.896839577259 4829.43695093641
322 421.002699679439 4829.43492475265
323 421.058712427251 4829.43526443237
324 420.836622713605 4829.05333713409
325 420.740191206269 4829.0137116641
326 420.672475400178 4828.9386474548
327 420.555415463199 4828.89526998914
328 420.454416852862 4828.83159904484
329 420.395722271671 4828.80297159207
330 420.414321949886 4828.79919628395
331 420.55508426051 4828.88094503455
332 420.656992201189 4828.93294365559
333 420.783271001137 4829.03941644433
334 420.832375908233 4829.05594205293
335 418.905873247187 4816.64821541599
336 418.852656321099 4816.6941756173
337 418.790114985088 4816.81833461384
338 418.802895177909 4816.79863115105
339 418.77078071022 4816.91131575557
340 418.777140756195 4817.06307874478
341 418.811112175824 4817.1646357363
342 418.83213224636 4817.3655393027
343 418.862332812661 4817.50990600712
344 418.750521783754 4817.61722136788
345 418.753232074358 4817.57386926577
346 418.863980079608 4817.45879153207
347 418.840051747072 4817.36522160522
348 418.819935578959 4817.2325072855
349 418.806396567487 4817.0150743702
350 418.793236506179 4816.889385034
351 418.778267063134 4816.84158125443
352 418.805487591139 4816.79904416796
353 418.816372687832 4816.74959546928
354 420.732020910425 4816.70642859885
355 420.750159889226 4816.83228429244
356 420.737756138819 4816.85009121933
357 420.736688814072 4816.73203177774
358 420.633034528032 4816.62273463587
359 420.502380271666 4816.67859234728
360 420.370514166392 4816.72069376059
361 420.238035025798 4816.75869531042
362 420.230254076877 4816.79122131623
363 420.327461761514 4816.66300036564
364 420.473791735604 4816.59262535125
365 420.529873999298 4816.55553038116
366 421.25974191558 4817.54628447532
367 421.344409692015 4817.57572829101
368 421.425101347003 4817.5624560335
369 421.426116498263 4817.48324828322
370 421.414897970324 4817.40185088456
371 421.337199269002 4817.33244901699
372 421.251545005255 4817.35022331781
373 421.254115277401 4817.37640674838
374 417.326166967396 4812.48167529276
375 417.389352672733 4812.55387652496
376 417.401898801883 4812.6137031859
377 417.41118828393 4812.65868574437
378 417.532429348988 4812.64886999235
379 417.633419932742 4812.70328310126
380 417.566367211568 4812.67178039583
381 417.391680047504 4812.61171804727
382 417.3388050607 4812.54894274267
383 417.304693508816 4812.53836491
384 416.34508033696 4812.68583441729
385 416.264591751491 4812.74559323125
386 416.393769181377 4812.67789905882
387 416.5055277646 4812.6407468524
388 416.536483583358 4812.64469523393
389 416.520722315604 4812.60679166119
390 416.371064362144 4812.64774618729
392 408.595160402801 4804.61949650473
393 408.366853966554 4804.70123286022
394 408.346170339622 4804.66941207613
395 408.216709253611 4804.54343077023
396 408.11500917766 4804.51715512184
397 408.214680817047 4804.62665548338
398 408.265211251137 4804.7386017363
399 408.178747933514 4804.80797832725
400 408.199595240304 4804.9233268206
401 408.097111293028 4804.99381096929
402 408.050311421325 4805.11430092476
403 407.915200135642 4805.13813528095
404 407.84654282706 4805.15240115186
405 407.986668786144 4805.12805276984
406 408.116531130282 4805.17682506159
407 408.229171607244 4805.15652130092
408 408.288814055782 4805.05696300909
409 408.338104329815 4804.92266742274
410 408.299823254052 4804.75812570066
411 408.39958364404 4804.74921872845
412 408.502765983068 4804.71782921896
414 408.772703737961 4806.03255691754
415 408.672514407374 4805.94849271333
416 408.654454953814 4805.83488241421
417 408.665322338224 4805.69822097972
418 408.727028717426 4805.64940105411
419 408.867001504834 4805.62029644285
420 408.98515533023 4805.65491406037
421 409.041922370663 4805.53385226564
422 409.098580894841 4805.40457276505
423 409.171496884107 4805.30950911394
424 409.171362986187 4805.17910615587
425 409.311132274481 4805.23654300149
426 409.40636622512 4805.14429254271
427 409.373091836028 4805.27836487077
428 409.355436320142 4805.41733730738
429 409.266943816331 4805.52871444193
430 409.228903991112 4805.66340712076
431 409.270630596683 4805.79102957319
432 409.145738425841 4805.72484066952
433 408.95691763606 4805.69917034849
434 408.861515411779 4805.68190743814
435 408.716627307512 4805.65887218025
436 408.650636855658 4805.77417459376
437 408.63511231367 4805.91378712021
438 408.687468938017 4806.04814927008
439 408.730045516617 4806.02235892928
440 400.705499673149 4812.0304056955
441 400.677262177591 4812.11857716808
442 400.619676505334 4812.26883250336
443 400.641212696451 4812.39581577186
444 400.7180915566 4812.50054442699
445 400.749184652348 4812.63927304527
446 400.810722491963 4812.78499605102
447 400.855709425027 4812.9168556113
448 400.913096789906 4813.04475622699
449 400.943480108271 4813.12462223443
452 400.924875562513 4812.14547977864
456 400.819476641144 4812.15936042714
457 400.789147457525 4812.18246775775
458 400.969059318405 4813.07037102096
459 401.095373210902 4813.0160843154
460 401.19928833262 4812.91847303923
461 401.331152777345 4812.83956027564
462 401.455807122411 4812.80963192892
463 401.506965134635 4812.72801583769
464 401.402920745908 4812.64589258061
465 401.251187272688 4812.60612557695
466 401.148096814512 4812.5507630299
467 401.125553090721 4812.4261259393
468 401.080457613929 4812.31426119901
469 401.044983923045 4812.26257325616
470 420.028334053755 4781.39104381124
471 420.111483537512 4781.40483905869
472 420.164206987137 4781.45097990517
473 420.211540249322 4781.57815306647
474 420.212892362091 4781.60334969052
475 420.210474162952 4781.61892759901
476 420.280193474797 4781.58279061006
477 420.340569060626 4781.6024088914
478 420.233629547624 4781.67363483138
479 420.146353422987 4781.64033859981
480 420.071138613961 4781.54759130818
482 421.306055121994 4781.32727578901
483 421.314452670893 4781.4349143525
484 421.357512679488 4781.5388201507
485 421.4187262231 4781.65939879364
486 421.370482847305 4781.76791405798
487 421.370043499552 4781.84944287897
488 421.422334029896 4781.88027086072
489 421.306821378028 4781.80108195272
490 421.360369862245 4781.72271530482
491 421.347924662628 4781.58124779303
492 421.304433335428 4781.59463458106
493 421.216729775131 4781.59420574268
494 421.159539833439 4781.45647776002
495 421.067809402296 4781.38934569989
496 421.077800126245 4781.24861796975
497 421.146314439905 4781.28314315418
498 422.069989311036 4782.77957648934
499 422.031910160374 4782.71159525308
500 422.09529838781 4782.61957125637
501 422.119492991116 4782.61051981889
502 422.190166107366 4782.54418103685
503 422.175946408043 4782.40939663499
504 422.161566190061 4782.2677279282
505 422.145810409196 4782.12663035103
506 422.245804831494 4782.19334884463
507 422.240501460836 4782.14176308776
508 422.233838088738 4782.26978901911
509 422.171441281559 4782.3636883519
510 422.236732936284 4782.45901498335
511 422.350901847801 4782.53634641672
512 422.474584493295 4782.59302377836
513 422.439710497926 4782.65617451848
514 422.298601326031 4782.70298969702
515 422.169425925704 4782.6775883897
516 422.133646809657 4782.70398775984
517 415.987530987408 4790.94351201593
518 416.0099990895 4790.87670187528
519 415.947821729051 4790.7913914661
520 415.928587787925 4790.64101665969
521 415.852053119275 4790.64840769601
522 415.845348308336 4790.55941139536
523 415.814108850461 4790.58001401526
524 415.79944678642 4790.48434112775
525 415.746390767811 4790.53264955557
526 415.750023420144 4790.69443590911
527 415.8958065326 4790.79259149999
528 415.931600422806 4790.88411516403
530 444.725867074838 4807.68385343111
531 444.775769063216 4807.59881379311
532 444.786271661383 4807.63571227844
533 444.917237669066 4807.65274539938
534 444.975421191472 4807.5703052337
535 445.016603245866 4807.50755142338
536 445.159550891913 4807.54426109233
537 445.149470619227 4807.51924250445
538 445.203196247978 4807.54535036297
539 445.21227440916 4807.48685687141
540 445.112324530421 4807.38160276751
541 445.055350113135 4807.31465042511
542 445.118348015002 4807.28603855609
543 445.195970380209 4807.32350275866
544 445.138587323287 4807.29586976934
545 445.15702000171 4807.29261014932
546 445.136290159063 4807.27223177041
547 445.133175583026 4807.22772035079
548 445.106332461914 4807.13264556849
549 445.081920416126 4806.99812333315
550 444.984563774902 4807.01346564501
551 444.86628166945 4807.12338488055
552 444.86195287071 4807.24759008531
553 444.934679596439 4807.31985442665
554 445.062226183636 4807.3636848335
555 445.222676677655 4807.42191092839
556 445.29819521773 4807.51970121019
557 445.15986991424 4807.53370739723
558 444.975320638332 4807.50833218082
559 444.932789320823 4807.53466816926
560 444.805014374985 4807.541820634
561 444.70453448858 4807.56030249408
562 444.674754380883 4807.71981292913
564 443.759073861774 4805.63270683198
565 443.784530945585 4805.75288853645
566 443.849245609998 4805.82243160075
567 443.839416171286 4805.89659325362
568 443.833440217778 4805.90830472008
569 443.809695439591 4805.89639628795
570 443.806850853309 4805.88542459461
571 443.8076193561 4805.89019396446
572 443.790639364123 4805.85435046717
573 443.730863384492 4805.8138656502
574 443.712032275518 4805.7406090917
575 443.745323068245 4805.74155334374
576 432.531275603439 4830.38812814648
577 432.504996827036 4830.35862545481
578 432.513145334508 4830.43862650633
579 432.563223299979 4830.54797276356
580 432.634159991809 4830.62956366264
581 432.560871524433 4830.53877743453
582 432.532994675723 4830.43864873437
583 432.50342177925 4830.40251488492
584 432.472076010745 4830.35062676094
585 432.481638632161 4830.37074554707
586 432.515597535175 4830.34563428322
587 432.502445739016 4830.25757536422
588 432.538911191155 4830.27298036648
589 432.555592836439 4830.28691860176
590 432.563850255522 4830.28961229148
591 432.577564228702 4830.27325772148
592 432.570688348666 4830.23145267372
593 432.697077957116 4830.19419449206
594 432.601391968115 4830.20348675529
595 432.59850368998 4830.22117629717
596 432.647500011205 4830.31120746081
597 432.676530849954 4830.35767709848
598 434.991965796491 4822.48632944986
599 435.03063000307 4822.48317857943
600 435.1065161261 4822.39447750593
601 435.109912829931 4822.31125327332
602 435.124659676622 4822.33254732581
603 435.066935752677 4822.26113176614
604 435.063029128214 4822.23306882888
605 435.011963089292 4822.25710955062
606 435.075615149699 4822.20629037094
607 435.088314267358 4822.34167300532
608 435.066917963667 4822.20915119019
609 435.133696203896 4822.13897619385
610 435.151416862312 4822.06660964212
611 435.191059225161 4821.98037002352
612 435.186640092802 4821.84890592594
613 435.178458731682 4821.82155060869
614 435.734362109926 4821.44012776657
615 435.838974741788 4821.45534408477
616 435.884362755188 4821.47034946068
617 435.893977253121 4821.51268628948
618 435.960723246192 4821.49683321691
619 436.003189790917 4821.57839788675
620 436.011649781023 4821.55899120445
621 435.990637275875 4821.62616630876
622 435.95207357417 4821.69972869578
623 435.998169700856 4821.76382080945
624 435.959179446402 4821.80950877964
625 435.885363178219 4821.69370084803
626 435.922532408785 4821.8551746387
627 435.870725175788 4821.8275683875
628 435.85657888347 4821.96209772215
629 435.803992212619 4822.07267012485
630 435.745128892021 4822.19407679751
631 435.692352446628 4822.28443730478
632 435.672797261566 4822.32605358655
633 435.661300551162 4822.34026956594
634 426.797426867936 4821.63429956736
635 426.710082721286 4821.58948982953
636 426.683295381089 4821.50403386669
637 426.695236209915 4821.48024505867
638 426.686273615931 4821.50300171152
639 426.662171174291 4821.44150826514
640 426.634842695654 4821.41759274587
641 426.567097297454 4821.36990506663
642 426.507982149512 4821.26181108152
643 426.516061794529 4821.26916459385
644 426.552540002498 4821.37606212011
645 426.655514790767 4821.47568028844
646 426.731433272211 4821.61358190359
648 427.804581385056 4822.83309215693
649 427.844582903092 4822.69915295214
650 427.858387161216 4822.57793552187
651 427.847829991174 4822.43743104121
652 427.784722412974 4822.35347195786
653 427.750295598633 4822.32985050883
654 427.728400327904 4822.27710443831
655 427.655372935195 4822.2250200257
656 427.635701296048 4822.18380184353
657 427.700895584095 4822.08602238667
658 427.743116012196 4822.09800822073
659 427.764832239985 4822.23172815232
660 427.86918884854 4822.3425678151
661 427.915411637104 4822.44914551458
662 427.879288778874 4822.60603455195
663 427.895782695653 4822.76535770122
664 427.847543456672 4822.83185293452
666 442.135819704004 4829.19715380997
667 442.190904205551 4829.27753666301
668 442.129216313472 4829.39502469736
669 442.119708259739 4829.47141122295
670 442.088962551218 4829.60207189657
671 442.039403716058 4829.72189961659
672 442.102794366869 4829.75533876227
673 442.145095630746 4829.78551740542
674 442.188309694541 4829.87477718082
675 442.090526272537 4829.74567069104
676 442.097531891343 4829.59455622179
677 442.092387067014 4829.47542359214
678 442.110617493155 4829.36253103697
679 442.164316823452 4829.24511176948
680 442.1715651658 4829.22472360292
681 443.301946030633 4829.38166858637
682 443.389972944628 4829.42790648029
683 443.394335647874 4829.56226269774
684 443.423264954528 4829.62443898712
685 443.453407872957 4829.58186741177
686 443.418188147977 4829.63481123692
687 443.381172256003 4829.65656013624
688 443.380369148295 4829.66656310343
689 443.3830373767 4829.55258409897
690 443.255896605981 4829.46125029598
691 443.182464874125 4829.35669040168
692 443.262244362625 4829.27693363149
693 443.290577013806 4829.30646023108
694 404.034875348779 4833.81864474844
695 404.048912967823 4833.68380849458
696 404.064502618296 4833.516513273
697 404.05229966188 4833.36861199241
698 404.017512609166 4833.22092345203
699 403.960444286136 4833.0946608297
700 403.909037529412 4832.98642422859
701 403.9200166291 4832.82397163202
702 403.925185512642 4832.70070434931
703 403.979318845784 4832.56018307603
704 404.023164574545 4832.43347321923
705 404.063856602048 4832.32302727612
706 404.00042650794 4832.45123949414
707 403.942125615448 4832.58815452322
708 403.900187979534 4832.68462254962
709 403.921605138279 4832.87282617931
710 403.933626482622 4833.03594845234
711 403.979582060829 4833.13537662412
712 404.024412653169 4833.25770470418
713 404.084458142988 4833.42302704899
714 404.055401719008 4833.51186706839
715 404.026419174929 4833.65080550893
716 404.029894802578 4833.71318542659
717 428.561779311697 4820.8920053306
718 428.607194370902 4820.77822923862
719 428.584027247726 4820.79569156235
720 428.572364324074 4820.86157014863
721 428.526781290079 4820.94424812945
722 428.598980944983 4821.01667704152
723 428.662067256225 4821.0756526637
724 428.696980610961 4821.03063114477
725 428.764647202105 4821.04157601054
726 428.735045574938 4821.13796716907
727 428.711303611144 4821.17731636926
728 428.718951845135 4821.2127782753
729 428.695615902592 4821.34364660477
730 428.690994859185 4821.4639866992
731 428.67718633066 4821.38860425878
732 428.705797983025 4821.24479550661
733 428.658694543718 4821.10045753314
734 428.554274647319 4821.02215047573
736 423.241953425199 4833.02964586685
737 423.362896631956 4833.09601668489
738 423.461243922104 4833.19685942523
739 423.590746999841 4833.22925815588
740 423.74020564907 4833.19389772595
741 423.848701626602 4833.23742622282
742 423.987392290911 4833.19130839857
743 424.152704421798 4833.25930000302
744 424.276770383327 4833.25356340279
745 424.4424125305 4833.22258977256
746 424.550591758923 4833.30289918254
747 424.668293236079 4833.38388064561
748 424.763080729785 4833.43568658047
749 424.764236714458 4833.43089733076
750 424.647838815358 4833.36522800085
751 424.536090064411 4833.27573801411
752 424.415325887266 4833.18812883951
753 424.276418120525 4833.23668385417
754 424.11937119328 4833.23601860926
755 423.974477283601 4833.18334651965
756 423.828691898516 4833.22265862291
757 423.702082608633 4833.20344038662
758 423.52725390246 4833.21376609924
759 423.407682274804 4833.14004566707
760 423.277487887842 4833.0475660944
762 423.363136099887 4832.09510700343
763 423.428516763542 4832.18299771645
764 423.490560520804 4832.29669680257
765 423.429149989035 4832.1748819258
766 423.525861356407 4832.11024125378
767 423.641228013476 4832.14624621359
768 423.793185010552 4832.17939293443
769 423.897331266164 4832.22919228352
770 423.775091729223 4832.17026850138
771 423.62505801394 4832.14309834814
772 423.492437648218 4832.09385057965
773 423.354167268774 4832.06566343065
774 423.337268589499 4832.07640909768
775 421.097517871806 4830.12636991882
776 421.096317292461 4830.02441575463
777 421.060792386237 4829.96807404172
778 421.042853829108 4829.98661303065
779 421.098850277544 4830.12302193116
781 417.081326094871 4790.0381527046
782 417.084600398272 4789.94736767275
783 417.085857470699 4789.88415291239
784 417.049609490195 4789.76786029882
785 417.118423044184 4789.69904405904
786 417.195007285086 4789.62158127977
787 417.16721763008 4789.53972795066
788 417.089182401467 4789.53834837781
789 417.091524600126 4789.43102525341
790 417.061457228634 4789.309103558
791 416.902307261672 4789.34703728197
792 417.007161156554 4789.38362946001
793 416.970398822452 4789.51758641317
794 416.951846698005 4789.54069403869
795 416.982000077229 4789.62973725184
796 416.964126605049 4789.7878989106
797 417.061778700474 4789.8801154026
798 417.110203920281 4789.96327122833
799 417.095114680658 4789.95745773555
800 418.368271643358 4790.97797707738
801 418.324089990057 4790.86788252846
802 418.319610762716 4790.7857441825
803 418.325548091132 4790.80022294998
804 418.326785504707 4790.80187411155
805 418.317683984677 4790.86840394364
806 418.359869489962 4791.01495365403
807 418.344582304851 4791.04634851879
808 433.437118961481 4793.32655892409
809 433.378857775657 4793.44130652058
810 433.325561255145 4793.55744969021
811 433.32628886506 4793.59842567927
812 433.423385334927 4793.53905080823
813 433.55888273139 4793.56493221552
814 433.70947015941 4793.59922073123
815 433.629671726172 4793.64398356477
816 433.482293886898 4793.62254891619
817 433.370686574651 4793.56744608074
818 433.286028559335 4793.59637841046
819 433.397190162401 4793.49876929561
820 433.415409375733 4793.37130936089
822 432.777207716476 4794.33477273442
823 432.636642055304 4794.32828301246
824 432.524135377766 4794.25576575596
825 432.4038864199 4794.20431899948
826 432.324440727168 4794.16101879758
827 432.2301412927 4794.06022483283
828 432.294091325765 4793.94896399955
829 432.403986440407 4793.88089427946
830 432.51968371212 4793.82498585423
831 432.586991200761 4793.9200546811
832 432.432651885544 4793.89182607028
833 432.333584424281 4793.94745889419
834 432.253314065756 4794.03300412281
835 432.343285817379 4794.17160401135
836 432.46483966386 4794.23991871638
837 432.602702686871 4794.26808962931
838 432.728131663617 4794.28594657097
840 431.707478751543 4795.36605707051
841 431.641730911337 4795.2807548974
842 431.642176970685 4795.10793121728
843 431.641522414422 4795.00286911586
844 431.55822599474 4794.90719350046
845 431.548993204163 4794.77211911677
846 431.534779992921 4794.69007369456
847 431.477042138117 4794.57148327931
848 431.424416696358 4794.60555771084
849 431.50966410344 4794.7331991187
850 431.456143935514 4794.86313260459
851 431.502720668418 4794.96106628804
852 431.62605849861 4795.04589675505
853 431.631968010323 4795.19744261541
855 432.524888875948 4769.73668232923
856 432.45749429744 4769.7959890539
857 432.541076003569 4769.92477157709
858 432.52376085415 4770.02623074149
859 432.410827912501 4770.07399354505
860 432.274927144692 4770.1451979055
861 432.403380324193 4770.1358174971
862 432.522876721376 4770.06033536058
863 432.655510631478 4770.02892825338
864 432.721296788901 4769.93865315941
865 432.627751708533 4769.87238332223
866 432.53827314559 4769.92124530066
867 432.515047581838 4769.77887187093
868 432.533117529006 4769.7372673948
869 432.543521990515 4769.74382829442
870 433.503114664119 4769.99074560773
871 433.460941074669 4770.10743751226
872 433.539001389333 4770.21496189795
873 433.570600699498 4770.29994937222
874 433.568468496149 4770.44057360587
875 433.527459553905 4770.5763564218
876 433.505028740707 4770.71384660293
877 433.499581457699 4770.86494303933
878 433.443856210123 4770.97699172498
879 433.334203455847 4771.10955846141
880 433.277078552 4771.15287528289
881 433.275053827175 4771.22053149977
882 433.402671149912 4771.31935147347
883 433.31011613134 4771.22685251439
884 433.228204481835 4771.14091433298
885 433.27914756452 4770.97315766663
886 433.355424843421 4770.84036055037
887 433.471126003908 4770.75993417654
888 433.467001848085 4770.60404430986
889 433.402688115062 4770.4783947107
890 433.490180492321 4770.38458353693
891 433.600762217363 4770.29576883522
892 433.527914261836 4770.13810442795
893 433.399462892323 4770.05594919523
894 433.423893037666 4769.98152207039
895 433.488091010351 4769.95279795522
896 434.521814664411 4769.82985817586
897 434.558491398808 4769.96155786142
898 434.672014462057 4770.06742232601
899 434.802946887462 4770.07860966466
900 434.881993752145 4770.13816131108
901 434.833153263737 4770.24102529682
902 434.81219730948 4770.34828793389
903 434.826247768042 4770.35337365138
904 434.84946052063 4770.32050023611
905 434.902899869778 4770.18771716233
906 434.78193898562 4770.0525999558
907 434.660785208131 4769.98290145978
908 434.541533031885 4769.88253406086
909 434.541824584755 4769.87897732061
910 445.215438826736 4770.18169867615
911 445.302866670508 4770.28317068288
912 445.328454443098 4770.37803102237
913 445.378262090466 4770.46825533544
914 445.390619064773 4770.59853809637
915 445.408060427662 4770.68269132451
916 445.558025934943 4770.69648647733
917 445.61774757082 4770.82616993082
918 445.609507698129 4770.95661719809
919 445.70801240459 4770.94839215252
920 445.720437534799 4770.84245547721
921 445.582390615092 4770.81212526776
922 445.516702510914 4770.67949117413
923 445.500508899959 4770.63930653144
924 445.461943065763 4770.519228104
925 445.327848928562 4770.43456418393
926 445.323347090466 4770.27900856524
927 445.293250459914 4770.25137420489
928 444.573192911532 4770.7882602711
929 444.509028221821 4770.9256048896
930 444.513781289767 4771.05972422107
931 444.53061238192 4770.9674093497
932 444.526671012721 4770.82295505107
933 444.549882291515 4770.73436439917
934 444.572285345214 4770.69653384766
935 432.647248333784 4760.08997714086
936 432.721421679559 4760.04660126764
937 432.653150270844 4760.08492142234
938 432.597973052983 4760.14477005167
939 432.710677433026 4760.05670217844
940 432.762075087455 4759.96879351608
941 432.798140541674 4759.95511243406
942 432.781097900999 4759.91329912578
943 432.797429524093 4759.94912219102
944 432.777800326283 4759.92621440082
945 432.779272739221 4759.95163260192
946 432.755033106658 4759.94909403209
947 432.790492229012 4759.94008336803
948 432.806548315908 4759.95614054788
949 432.797490535749 4759.95534093041
950 432.81191811953 4759.96330674844
951 432.772448333612 4759.93748394667
952 432.828041046005 4759.8947359112
953 432.831996739785 4759.84083322547
954 432.819547291703 4759.77687393658
955 432.770014382657 4759.84732743572
956 432.769879269522 4759.95816624977
957 432.690342393602 4759.99515280965
958 432.717838784146 4760.0387512258
959 432.739391422361 4760.0499786951
960 433.8500854068 4758.11750655123
961 433.885015305878 4758.20468393531
962 433.858337528729 4758.2120491162
963 433.902988471174 4758.25026685104
964 433.87219719296 4758.17782028233
965 433.822655191097 4758.12299112421
966 433.87549646 4758.02952480242
967 433.973760563129 4758.02024806681
969 433.953244905738 4758.37938810646
970 433.911627303492 4758.51183842453
971 433.820977500147 4758.70928771013
972 433.830584201466 4758.65699719353
973 433.83480519539 4758.60431446087
974 433.868299961921 4758.46694434179
975 433.861142601688 4758.46890141749
976 433.775663582563 4758.58533936279
977 433.677857066402 4758.64103738237
978 433.733468662374 4758.76721777057
979 433.827961946451 4758.68945175161
980 433.8172396565 4758.70221603181
981 434.842091383117 4759.3099920951
982 434.934315323965 4759.38774523398
983 434.990595245668 4759.40697941866
984 434.957477810072 4759.26813711365
985 434.906847401795 4759.16566648689
986 434.790667895 4759.12434679467
987 434.684657183379 4759.20043234046
988 434.621664051117 4759.23845999201
989 434.691184758485 4759.30354378189
990 434.771273318705 4759.29689468447
991 434.834082518804 4759.25664898405
992 444.775855768169 4819.12284588997
993 444.713113516232 4819.05083515717
994 444.661881180707 4818.89465298684
995 444.635910273868 4818.77358227622
996 444.563981273301 4818.73485738907
997 444.541838802546 4818.73526210499
998 444.594405346124 4818.71939054118
999 444.670529241013 4818.69821646305
1000 444.63979343286 4818.56785539898
1001 444.688859167414 4818.49959012042
1002 444.696691460774 4818.3610260221
1003 444.723892385902 4818.22852245955
1004 444.739910943518 4818.13187425096
1005 444.796350183475 4818.04555657193
1006 444.764836219232 4817.97795385283
1007 444.898770468824 4817.91799020412
1008 444.940548358254 4817.97562460697
1009 445.07549608076 4818.0593757656
1010 445.108268770012 4818.19249863755
1011 445.101718587694 4818.30106373781
1012 445.190224414271 4818.42973390592
1013 445.231918219998 4818.52735457344
1014 445.104087565709 4818.5219550433
1015 445.016215070627 4818.44115034117
1016 444.923928577126 4818.41380576687
1017 444.79578115208 4818.3208944333
1018 444.702553233661 4818.29733683901
1019 444.672679428695 4818.40942630339
1020 444.649120175846 4818.56189210708
1021 444.582843867163 4818.67972404737
1022 444.635011133966 4818.72327660968
1023 444.619891427339 4818.81092142899
1024 444.582638297596 4818.93917686354
1025 444.665177308214 4819.07910717228
1026 444.690242829293 4819.13943213209
1028 444.336802962901 4818.74684117548
1029 444.357327979175 4818.88306092654
1030 444.319323736703 4819.02731772292
1031 444.27823538227 4819.11129121824
1032 444.123169379344 4819.08536682655
1033 443.960716097506 4819.13325580335
1034 443.849639738641 4819.20704227806
1035 443.795600693052 4819.25880662935
1036 443.807231814186 4819.15164110757
1037 443.867929473458 4819.02607302206
1038 443.967304323808 4818.96371322502
1039 444.058453718151 4818.85477540552
1040 444.148285785816 4818.83014932686
1041 444.11781181974 4818.71300519623
1042 444.086415318816 4818.68916475281
1043 444.035607755332 4818.6929194102
1044 444.177409428909 4818.59977768427
1045 444.289213924036 4818.64150000781
1046 444.30836054332 4818.68921105249
1047 443.300310448268 4817.32740630326
1048 443.145188311831 4817.35759282527
1049 443.160055066041 4817.51929119216
1050 443.179948530472 4817.63496558255
1051 443.058249388227 4817.63999308526
1052 442.965492721069 4817.75017960336
1053 442.860584528057 4817.85691655659
1054 442.747423397903 4817.93384850426
1055 442.698912425173 4818.03699840926
1056 442.685348441883 4817.97247309791
1057 442.817074690871 4817.90204622125
1058 442.901800603444 4817.80814145655
1059 442.991334997636 4817.67088105953
1060 443.054682192905 4817.53373251779
1061 443.088004589929 4817.43060283826
1062 443.014413393749 4817.32249163136
1063 443.17194339 4817.32848945389
1064 443.246148410905 4817.33719260775
1065 443.276233589844 4817.32905313991
1066 416.473717300362 4825.26998543524
1067 416.387996668175 4825.30582024744
1068 416.288184590368 4825.24774910473
1069 416.283620268633 4825.309120956
1070 416.302605261931 4825.32265777996
1071 416.327553878518 4825.29635446715
1072 416.170259475281 4825.23966848862
1073 416.207865216236 4825.24397517196
1074 416.380774038497 4825.30946472956
1075 416.485981147071 4825.29504742855
1076 416.510220147277 4825.34795201145
1077 416.530013480449 4825.49144027074
1078 416.564604055204 4825.61708323345
1079 416.533443346763 4825.7282152473
1080 416.518318272626 4825.90146252833
1081 416.417208417067 4825.97825426534
1082 416.268958141736 4826.01731388936
1083 416.140463172687 4826.09278559707
1084 416.023145663526 4826.08047937992
1085 416.164287382552 4826.07371567334
1086 416.304865169738 4826.00231465795
1087 416.385007450573 4825.97965520158
1088 416.950352775915 4826.28864904977
1089 416.859849741112 4826.21134922879
1090 416.707163409285 4826.06195534855
1091 416.624218111749 4825.97601177314
1092 416.611544003715 4825.96328427161
1093 416.62861372384 4825.90086861721
1094 416.630456195626 4825.86718917941
1095 416.631929458693 4825.87527954508
1096 416.576404413658 4825.9231777386
1097 416.510563019462 4825.75193731015
1098 416.593454284835 4825.59284285663
1099 416.628966118629 4825.57829467047
1100 416.666738937931 4825.55072251442
1101 416.771260777914 4825.51388043621
1102 416.776227506711 4825.53670081373
1103 416.671623480389 4825.54088702384
1104 416.605017335754 4825.57459347754
1105 416.540062143401 4825.37090709978
1106 416.495494662524 4825.26782609268
1107 416.492302767789 4825.21899164845
1110 416.56679516361 4825.96861694467
1112 416.630260840036 4826.0009291691
1113 416.693730182455 4826.09211311774
1114 416.815276956822 4826.19168562574
1116 414.889747918107 4826.19262214941
1117 414.776815706415 4826.12518710371
1118 414.749529698145 4826.08121342831
1119 414.747747361908 4826.06168625074
1120 414.83387751021 4826.17400351421
1121 414.989171658565 4826.18825135378
1122 414.985377247396 4826.32848048407
1123 415.051269470576 4826.45638573057
1124 415.013016372942 4826.38777942684
1125 415.022891938156 4826.29412623899
1126 415.030322707779 4826.14129923808
1127 415.197346624045 4826.13807512517
1128 415.266032593246 4826.14853724956
1129 415.347453298464 4826.00999445652
1130 415.386488801676 4825.97429023031
1131 415.327357261411 4826.10677509014
1132 415.156465106916 4826.11704280155
1133 415.041599538344 4826.14548848219
1135 413.42217936588 4816.37808526484
1136 413.372598941955 4816.43381771971
1137 413.338374704477 4816.4449218108
1138 413.253760037818 4816.46134071728
1139 413.307803126741 4816.46964154856
1140 413.367480538581 4816.41311213363
1141 413.431130423135 4816.36986146247
1142 413.505570045169 4816.39845085141
1143 413.539585039478 4816.38990509204
1144 413.699426031969 4816.48860043203
1145 413.698465802561 4816.48939028774
1146 413.489178901859 4816.3688928172
1147 413.550047638941 4816.43009174892
1148 413.541107548962 4816.5084050599
1149 413.511335829707 4816.58909658645
1150 413.472809889153 4816.66179218901
1151 413.438054710748 4816.76354182416
1152 413.452975038175 4816.72280663048
1153 413.500209953903 4816.57280014365
1154 413.552944908028 4816.49825601863
1155 413.485626253492 4816.37560313053
1157 412.312816074521 4816.56606395379
1158 412.390863592077 4816.59203929144
1159 412.498992131186 4816.6616111178
1160 412.513565057784 4816.68785815843
1161 412.501046973114 4816.76366495194
1162 412.456070554758 4816.92386892102
1163 412.429169935055 4817.04384992966
1164 412.440750697797 4817.03903393383
1165 412.463860362571 4816.90732803913
1166 412.493250904328 4816.74243938425
1167 412.479248956268 4816.61088314621
1168 412.485820253607 4816.51304917985
1169 412.287532541484 4816.54328926315
1170 412.211801483512 4816.45941326574
1171 412.270194305716 4816.53451797187
1172 412.170707076195 4816.61312602634
1173 412.121494679254 4816.70851809871
1174 412.17021432029 4816.76741980957
1175 412.144168996788 4816.69866929896
1176 412.148056278549 4816.66196280018
1177 412.221684171988 4816.55992097053
1178 412.270553901889 4816.53729023206
1179 411.266257169737 4817.04231375153
1180 411.190213931855 4817.13140235124
1181 411.097769722228 4817.19682668967
1182 411.225956944967 4817.27266683537
1183 411.182824274387 4817.37398439475
1184 411.229627782795 4817.33026816351
1185 411.301897849397 4817.20657318513
1186 411.337526857269 4817.13079234485
1187 411.384556122973 4817.11628793754
1188 411.28054244315 4817.14453972834
1189 411.129711701384 4817.17263386306
1190 411.230889557859 4817.09498718828
1191 411.304237576881 4816.98538509507
1192 411.150877182316 4816.93853399147
1193 411.293399409778 4816.99741337496
1195 416.188640401304 4813.1374125107
1196 416.061464267897 4813.13110963239
1197 415.910995318373 4813.09299899214
1198 415.780942464799 4813.03142156713
1199 415.641399195525 4812.96807714203
1200 415.50335499226 4813.01801410812
1201 415.470579286918 4813.09462334749
1202 415.493813038661 4813.08933343256
1203 415.562634633847 4813.12590300114
1204 415.540175298507 4813.18649875445
1205 415.618736110798 4813.21272778468
1206 415.705464141655 4813.1869831053
1207 415.916757354529 4813.24998811999
1208 415.940969346402 4813.25179637514
1209 415.78005449448 4813.17394286231
1210 415.65515246278 4813.11019303074
1211 415.609800455565 4813.03545161882
1212 415.666647834581 4812.98797681079
1213 415.856129785321 4813.0660262356
1214 415.985503666222 4813.12516988261
1215 416.115229829716 4813.15432115438
1216 416.184297120165 4813.15246175438
1217 399.183934967603 4811.19498919416
1218 399.283160248488 4811.33580353955
1219 399.324933374217 4811.28241492229
1220 399.36939565836 4811.20310404977
1221 399.385417188823 4811.26251657236
1222 399.402462699428 4811.41766759872
1223 399.484963407724 4811.53374064066
1224 399.571172762139 4811.6327636306
1225 399.654357834814 4811.80603625296
1226 399.680512070948 4811.94294569581
1227 399.678711414531 4812.06660811604
1228 399.725284880008 4812.17822005124
1229 399.837162178144 4812.25187053902
1230 399.829060200095 4812.41450568979
1231 399.903723082651 4812.49992991959
1232 399.913398241668 4812.63375252504
1233 400.044774642031 4812.63158003502
1234 400.15390467036 4812.75537472582
1235 400.143701421659 4812.87494029957
1236 400.15688724785 4812.98938266739
1237 400.089696404322 4812.91073217531
1238 400.093452616884 4812.80936863407
1239 400.154422575299 4812.73026226954
1240 399.996225973554 4812.68073271758
1241 399.918477171041 4812.59435362646
1242 399.869556604543 4812.51498947912
1243 399.733899919705 4812.50700934656
1244 399.686880379189 4812.51204146232
1245 399.695136839232 4812.41438741804
1246 399.669273837504 4812.23170723817
1247 399.710981965429 4812.11433788741
1248 399.665805961628 4811.98248808939
1249 399.624618985721 4811.84147032923
1250 399.550050563627 4811.69250792941
1251 399.470921027892 4811.56894129557
1252 399.4218759018 4811.42781970548
1253 399.353986262264 4811.29853245367
1254 399.244706390579 4811.19430270381
1256 409.852894459231 4806.03370939214
1257 409.888507413995 4806.11087688085
1258 409.954717010032 4806.19896624646
1259 409.982281858819 4806.32866994744
1260 410.004574835464 4806.3545869214
1261 410.028913030492 4806.44890021374
1262 409.954635320488 4806.44178196142
1263 409.967617957445 4806.28576757083
1264 409.882314816374 4806.2051529556
1265 409.768674072501 4806.25865499889
1266 409.682920215496 4806.32011665796
1267 409.599098518405 4806.37455571073
1268 409.730732205653 4806.29204108751
1269 409.783561024855 4806.22724334607
1270 409.878298095907 4806.15300031488
1271 409.875830032194 4806.08338789575
1272 409.896106862622 4805.93993885387
1273 409.996011306611 4805.78509785282
1274 409.916022961789 4805.85436589542
1275 409.878022619257 4805.92607342944
1276 408.483461096165 4794.35420044814
1277 408.3437862357 4794.41662452721
1278 408.242484439941 4794.49075016168
1279 408.153296061599 4794.55460527187
1280 408.069331255307 4794.52497591851
1281 408.090207226161 4794.47304244538
1282 408.091671514501 4794.42548211983
1283 408.003010374062 4794.33093785244
1284 408.028426467823 4794.254839114
1285 408.135524325424 4794.25505254765
1286 408.1828725322 4794.1687714291
1287 408.242804003796 4794.15485274625
1288 408.271317923308 4794.06160743602
1289 408.276108363478 4794.04388156169
1290 408.327170550507 4794.15393309074
1291 408.406029094017 4794.24372666606
1292 408.441812046637 4794.27401105921
1293 409.542459992081 4794.05618401637
1294 409.423991316665 4794.1280769426
1295 409.280754292114 4794.15565130248
1296 409.164995898796 4794.19941055881
1297 408.981863551248 4794.28883981765
1298 408.901406877249 4794.26059704367
1300 408.521556376451 4794.27337838529
1301 408.549105159973 4794.21058206086
1302 408.696830137046 4794.2092565536
1303 408.833975106419 4794.22962523172
1304 408.954842760434 4794.27043105962
1305 408.995863409899 4794.29220620394
1306 408.97231337308 4794.31473759421
1307 408.926993794468 4794.37754877699
1308 408.992483680326 4794.30635816907
1309 409.109100754852 4794.24214649657
1310 409.202045593781 4794.11860661143
1311 409.233635597199 4794.15106170544
1312 409.216942761892 4794.07386585009
1313 409.253883401169 4794.07570367259
1314 409.299508316487 4793.92014297269
1315 409.267098777464 4794.10529488678
1316 409.26201880728 4794.04704840481
1317 409.301155639884 4794.13416285221
1318 409.262582363402 4794.08913837268
1319 409.248087818135 4794.10943708048
1320 409.270875007638 4794.15100732781
1321 409.411736002025 4794.13990364825
1322 409.528795028716 4794.03537323424
1323 409.551887145103 4794.0269565152
1324 410.152090637393 4794.62444163469
1325 410.185160414695 4794.53036705845
1326 410.182608245479 4794.44187420595
1327 410.1655699433 4794.30103498602
1328 410.151080660128 4794.18115516951
1329 410.123249734979 4794.10143926185
1330 410.134520659302 4793.96633388067
1331 410.042355485776 4794.00332274105
1332 409.960442138224 4794.08516200734
1333 410.028487594996 4794.17489538078
1334 410.054849592148 4794.16832523755
1335 410.137076833121 4794.25087371553
1336 410.136467849344 4794.32119218306
1337 410.127674342136 4794.43504948961
1338 410.094766511085 4794.57799516415
1339 410.110554897876 4794.63065736295
1340 419.533898121242 4806.8821656705
1341 419.486160628604 4806.78354671904
1342 419.484795435152 4806.75734976653
1343 419.580415631601 4806.6270319533
1344 419.590317465925 4806.62891330476
1345 419.57907167037 4806.57539903434
1346 419.501670770446 4806.55632848447
1347 419.573620190772 4806.47127755037
1348 419.420890571236 4806.41023162388
1349 419.389467211411 4806.44392869319
1350 419.42385633598 4806.46873169659
1351 419.309405521286 4806.44632917266
1352 419.414899138961 4806.47816875314
1353 419.50992651934 4806.47448032209
1354 419.449215231778 4806.42222268231
1355 419.570541218876 4806.45754118927
1356 419.58291393632 4806.55125042653
1357 419.562024258288 4806.66023976733
1358 419.509557170061 4806.87812405165
1359 419.576785505532 4806.91364354606
1360 419.594482733221 4806.89699389143
1361 420.223492677923 4807.13611150104
1362 420.395652812857 4807.13718871294
1363 420.42548923443 4807.04431329098
1364 420.559589020374 4806.94865503019
1365 420.551295814132 4806.97329969879
1366 420.451538909699 4807.06977507397
1367 420.30105837955 4807.12875286008
1369 421.594183623211 4806.78705396541
1370 421.600452164622 4806.77598500648
1371 421.709208915981 4806.67175879512
1372 421.672701936861 4806.54733726873
1373 421.664802643886 4806.49466968488
1374 421.643653930399 4806.44471055065
1375 421.645831001195 4806.47878441529
1376 421.629589003014 4806.42599156775
1377 421.62821305672 4806.47487926849
1378 421.690659517335 4806.61543826294
1379 421.667671890229 4806.71400382063
1380 421.542383435509 4806.80309491968
1381 421.526745086365 4806.69775812583
1382 421.547200690448 4806.73683989747
1383 421.588422481622 4806.82088683454
1385 422.105335829101 4771.34053131303
1386 421.961111298916 4771.37749768418
1387 421.84645504933 4771.44456050409
1388 421.734261742247 4771.51326305401
1389 421.803816375918 4771.38185248901
1390 421.907919006301 4771.35278310832
1391 421.899061676412 4771.2047228615
1392 422.025927245281 4771.14429657938
1393 422.071878375278 4771.12644558375
1394 422.152883162654 4771.04877497921
1395 422.229622881414 4771.14674852351
1396 422.269597468537 4771.22592714694
1397 422.196798107398 4771.33782212484
1398 422.179746924973 4771.34157061296
1399 422.575558277534 4771.19501655152
1400 422.453129845131 4771.10177863543
1401 422.428285685633 4771.00721106656
1402 422.40370499956 4770.84278046032
1403 422.404651135445 4770.73981210349
1404 422.324945268087 4770.68896207707
1405 422.260197083691 4770.58629720086
1406 422.242229877136 4770.4240131585
1407 422.178557794899 4770.32322486492
1408 422.23806394787 4770.27267851989
1409 422.315947690408 4770.4061809715
1410 422.303865151043 4770.52482519608
1411 422.34220989212 4770.66088825131
1412 422.361941852335 4770.77817099091
1413 422.433790163503 4770.8898634625
1414 422.485130907689 4771.07398200172
1415 422.582539647447 4771.22203731696
1417 420.581308686663 4769.47397030228
1418 420.663458411746 4769.52255084164
1419 420.558622706939 4769.63061492688
1420 420.6299693377 4769.7656189119
1421 420.678913375024 4769.84368486151
1422 420.687579785373 4769.8538022595
1423 420.555566087493 4769.85778030135
1424 420.507013498207 4769.771491764
1425 420.539580579547 4769.67348577954
1426 420.603895827884 4769.47681751806
1427 420.671807817769 4769.38617608233
1429 414.348786654673 4784.88993198637
1430 414.352054601968 4784.98163568002
1431 414.381294510552 4785.02625112043
1432 414.400489137887 4785.03445074692
1433 414.454074100298 4785.13507302508
1434 414.470307975715 4785.25016067662
1435 414.527975419556 4785.34617819465
1436 414.606652095706 4785.32353017294
1437 414.681933281631 4785.25038831162
1438 414.663209061025 4785.13077760332
1439 414.612487188342 4785.0250085121
1440 414.507959185995 4784.9884473363
1441 414.456335091461 4784.92745239569
1442 414.434161047864 4784.86975234551
1443 412.79705330882 4786.84443034137
1444 412.706290721403 4786.94234024046
1445 412.653116619809 4786.91259002628
1446 412.591728906964 4786.88205733352
1447 412.445473717607 4786.8961590371
1448 412.360093588317 4786.78763160785
1449 412.392216164021 4786.67114648202
1450 412.345282520065 4786.53990894762
1451 412.351699281519 4786.40142988456
1452 412.298306812224 4786.36779759616
1453 412.364206418437 4786.47057772187
1454 412.336156115112 4786.61944353621
1455 412.31938196209 4786.76716431474
1456 412.353839264343 4786.9008951967
1457 412.332147032318 4787.01991169643
1458 412.302141317516 4787.11770971708
1459 412.301053253267 4787.22213200456
1460 412.287046557195 4787.05570399874
1461 412.320269203004 4786.90510493674
1462 412.34252196386 4786.7539812388
1463 412.31899029071 4786.66131727567
1464 412.432794773464 4786.58676355131
1465 412.611764719946 4786.55813462872
1466 412.751766667126 4786.50557495498
1467 412.795516149602 4786.37039362745
1469 413.440935757513 4786.84930081168
1470 413.326681044393 4786.93994870215
1471 413.279930339768 4786.89145157714
1472 413.18644162355 4786.96717527359
1473 413.27813605353 4787.06896773895
1474 413.283089594866 4787.11344441904
1475 413.289339898922 4787.31673774326
1476 413.298834012767 4787.44334989327
1477 413.211582416844 4787.5172167271
1478 413.131167010585 4787.40161904652
1479 413.220934609869 4787.36570575762
1480 413.246104771038 4787.31440203141
1481 413.175858864247 4787.20667111302
1482 413.175103694564 4787.24289030885
1483 413.17419236223 4787.26689355918
1484 413.100378036472 4787.19141995489
1485 413.153124363971 4787.02291515549
1486 413.097073492688 4786.95854379185
1487 412.982407931815 4786.94690536914
1488 412.903170301409 4786.84162483654
1490 412.974727499263 4786.30300719518
1492 413.044155062604 4786.35221168503
1493 413.068812187266 4786.52083680308
1494 413.116957816781 4786.59552773568
1495 413.229313817601 4786.71205012877
1496 413.384814176871 4786.74105457469
1498 447.151790223147 4813.17386782032
1499 447.040015390304 4813.27870227524
1500 446.966387871102 4813.38934675473
1501 446.950055133095 4813.49287669102
1502 446.927392717577 4813.43974412347
1503 446.939024844314 4813.53017028787
1504 446.920416627499 4813.53986848491
1505 446.975823520403 4813.45768837101
1506 446.929654909928 4813.45994009135
1507 446.918610280087 4813.55698670238
1508 446.989629805689 4813.62917480438
1509 446.94710728532 4813.53965819168
1510 446.942328692719 4813.62099527839
1511 446.927536360614 4813.67353442631
1512 446.973857393862 4813.67028188291
1513 447.004498117231 4813.73012677678
1514 446.997012784745 4813.70397438361
1515 446.976046376529 4813.69147803007
1516 447.049324882025 4813.73232868036
1517 447.066076725274 4813.83637579293
1518 447.161507871343 4813.91759220865
1519 447.157583156924 4813.86064675524
1520 447.153097624693 4813.8662351927
1521 447.207145931747 4813.96154914356
1522 447.113362480511 4814.00759945345
1523 446.992570432622 4814.0027737913
1524 446.963349815068 4813.93825303551
1525 446.987323221973 4813.92184880536
1526 446.961189598199 4813.87962779835
1527 446.947945358291 4813.85141057844
1528 446.876312237004 4813.8447560374
1529 446.87763742315 4813.70513704634
1530 446.897694514348 4813.59202593154
1531 446.877448204049 4813.52732373178
1532 446.936404353744 4813.45422260919
1533 446.937330025394 4813.38691005517
1534 443.208069731509 4805.8054705274
1535 443.28170558129 4805.8855954078
1536 443.265121879024 4805.8008814846
1537 443.279111713304 4805.93348599247
1538 443.314930045786 4805.84977574504
1539 443.327414986218 4805.92863777153
1540 443.352505867326 4805.98507008081
1541 443.271624903927 4806.05438707556
1542 443.223835400047 4806.09132904205
1543 443.186347296274 4806.10141810102
1544 443.11674100212 4806.19185547852
1545 443.118559159968 4806.24426264412
1546 443.118097629252 4806.26636838728
1547 443.11026323244 4806.36483764761
1548 443.095835023303 4806.2477860938
1549 443.013510280453 4806.12619840265
1550 443.043957280668 4806.04941796087
1551 443.171540986515 4806.05478454648
1552 443.323050764153 4805.98753858249
1553 443.26811919727 4805.85883195433
1554 443.156920159767 4805.78013400548
1555 443.1758497061 4805.75853921581
1556 430.85007417781 4830.13225220992
1557 430.813003713198 4830.06654654354
1558 430.77527438743 4830.14801942997
1559 430.809040722233 4830.18288075475
1560 430.755330082271 4830.16233177346
1561 430.775545383713 4830.24453897112
1562 430.746431688609 4830.22262525244
1563 430.709207622076 4830.11871264846
1564 430.757112673317 4830.14742958418
1565 430.779193306334 4830.07433762761
1566 430.787781374393 4830.10112854507
1567 430.783619823435 4830.06540607054
1568 430.756037938152 4830.02781520239
1569 430.754236590392 4829.9706312941
1570 430.769289505982 4829.95925739364
1571 430.797785970622 4829.94474570856
1572 430.750215355391 4830.04220377623
1573 430.823930649394 4829.9603591624
1574 430.822385440782 4829.95137821572
1575 430.824078261193 4829.95902476454
1576 430.847279853844 4829.93968075308
1577 430.812438113285 4829.97269583011
1578 430.832589195094 4829.96271338158
1579 430.83083321212 4829.9098608441
1580 430.889842359895 4829.94324025593
1581 430.873446562431 4829.98872708759
1582 430.931616746551 4829.90948769577
1583 430.840553293396 4830.01505755252
1584 430.853614574108 4830.02180926946
1585 430.873480935085 4829.99205891751
1586 430.883634629307 4829.99073237415
1587 430.898164143614 4830.0537829503
1589 431.443393417877 4830.24200396444
1590 431.490705462912 4830.14211001779
1591 431.584017599634 4830.1690357883
1592 431.592510504064 4830.08408961725
1593 431.65279052201 4830.00527938782
1594 431.666999752982 4829.98225352358
1595 431.650572774461 4829.88278900635
1596 431.624660516928 4829.78697563345
1597 431.619888882809 4829.81756926589
1598 431.632815595001 4829.78744778902
1599 431.612348944563 4829.80620574169
1600 431.563390803861 4829.88756638103
1601 431.535826278302 4829.85130508654
1602 431.513052730189 4829.81010774101
1603 431.524117389009 4829.78733586417
1604 431.530191436534 4829.72629497274
1605 431.446075780423 4829.77858156102
1606 431.447632680493 4829.78878431058
1607 431.493802824867 4829.67157489391
1608 431.519310175116 4829.62488586873
1609 431.569813575091 4829.57616450526
1610 431.548768836401 4829.60947903711
1611 431.454150339508 4829.73962356144
1612 431.451789995557 4829.72187609544
1613 431.395962564671 4829.8651756883
1614 431.448065408497 4829.90207392205
1615 431.422514152802 4829.92066235105
1616 431.376946786717 4830.00187865964
1617 431.415080268418 4830.08523699562
1618 431.435967115973 4830.08402357818
1619 431.612649741117 4830.16774383378
1620 431.669520874976 4830.30067284638
1622 436.73144994119 4822.2726810627
1623 436.743359887526 4822.2334724522
1624 436.713274434254 4822.16989093152
1625 436.685284147016 4822.12295020434
1626 436.675158214384 4822.02574885198
1627 436.690021298925 4822.14556371576
1628 436.692145295021 4822.11377784385
1629 436.65095381022 4822.0119823259
1630 436.679483610465 4822.13322326838
1631 436.66714481542 4822.10979287631
1632 436.626675247054 4822.05030814264
1633 436.604807679571 4821.97598690035
1634 436.566528219564 4821.96035426909
1635 436.632807204595 4821.88675612688
1636 436.615412944208 4821.78995665107
1637 436.646266523121 4821.73768514756
1638 436.639562805284 4821.65222496594
1639 436.698611456373 4821.67688106188
1640 436.733084633282 4821.69999195355
1641 436.758155953383 4821.66843434524
1642 436.810278185154 4821.62673718055
1643 436.815080688239 4821.63913177134
1644 436.86874401734 4821.63240739893
1645 436.916123550022 4821.65339870388
1646 436.856361731426 4821.72471127197
1647 436.851686816141 4821.76884972457
1648 436.785052506517 4821.82223434837
1649 436.836682373958 4821.88294790064
1650 436.810511849349 4821.81477531608
1651 436.815221605621 4821.83450135579
1652 436.885039567716 4821.85339323394
1653 436.878879205112 4821.89421355195
1654 436.885373726722 4821.96634758709
1655 436.916148280656 4822.09478786151
1656 436.853020806652 4822.16857572326
1657 436.816028280203 4822.22945640836
1658 436.708745385592 4822.31510135174
1659 436.716016933812 4822.28948686544
1660 436.70644996137 4822.32012110674
1661 444.452573226261 4829.20387551946
1662 444.419368264714 4829.30633364942
1663 444.435768889389 4829.30864115895
1664 444.435570429303 4829.32363702714
1665 444.440670776926 4829.41322688124
1666 444.456273488642 4829.50428465268
1667 444.529724037151 4829.48701603424
1668 444.557529519223 4829.58041653494
1669 444.606248721906 4829.67564347062
1670 444.670989157844 4829.7959509584
1671 444.622637334058 4829.89142488367
1672 444.508916517058 4830.00487797868
1673 444.483581256017 4829.91734379394
1674 444.485369874337 4829.75339202383
1675 444.486962913305 4829.79958327433
1676 444.461881626649 4829.74281302003
1677 444.505814489401 4829.64004401797
1678 444.493354057237 4829.61648965655
1679 444.521256882127 4829.55594848784
1680 444.505208777142 4829.50843304755
1681 444.474995482438 4829.51412565784
1682 444.413915173321 4829.42722122074
1683 444.472917670666 4829.29256157161
1685 402.769666496557 4833.64828226832
1686 402.898720594813 4833.73127812271
1687 402.977167354043 4833.8288955094
1688 403.050265750911 4833.91381640325
1689 403.181933509147 4833.85470135107
1690 403.184850098022 4833.81655686013
1691 403.237448599652 4833.67205172108
1692 403.22964910861 4833.53986182212
1693 403.244991051733 4833.40144988777
1694 403.3309406187 4833.34844233426
1695 403.376321820031 4833.2566972242
1696 403.208527172626 4833.16692054561
1697 403.168675308836 4833.06640926236
1698 403.155392708165 4832.94007526305
1699 403.090343456003 4832.74861685915
1700 403.093388386259 4832.60227350316
1701 403.094949724354 4832.48161234458
1702 403.092056902353 4832.30402897021
1703 403.073960666223 4832.15743627919
1704 403.059478965563 4832.01534581447
1705 403.035886523441 4831.86816630197
1706 403.018314216336 4831.75789104297
1707 402.966067239614 4831.62678977645
1708 402.940637446397 4831.52007219157
1709 402.899434796493 4831.65563787173
1710 402.841151262095 4831.8150017351
1711 402.777198634319 4831.92823705561
1712 402.683244207904 4832.05323970866
1713 402.577299874681 4832.15797852185
1714 402.51478424408 4832.21420889395
1715 402.404644245347 4832.31856736572
1716 402.379857647114 4832.51099562903
1717 402.400052987387 4832.6013470514
1718 402.437796465029 4832.77764522063
1719 402.475961085432 4832.96082476646
1720 402.499701367526 4833.05656802935
1721 402.551800641317 4833.22743671044
1722 402.587071324191 4833.41165875402
1723 402.606087375985 4833.49891752812
1725 422.959682996205 4834.24528807661
1726 422.901281550898 4834.27906152289
1727 422.848172072292 4834.35909343748
1728 422.872221292068 4834.34659776706
1729 422.809000792719 4834.35399135794
1730 422.761315750023 4834.35887359784
1731 422.692344566035 4834.39899123157
1732 422.694330677731 4834.3894156884
1733 422.700408952245 4834.39201131024
1734 422.695706172758 4834.37584843878
1735 422.689779295306 4834.38635812381
1736 422.690959075192 4834.3767918959
1737 422.701024703065 4834.39644726553
1738 422.696146747274 4834.38606240634
1739 422.699867223168 4834.38002128367
1740 422.704479994395 4834.38141199534
1741 422.702379875476 4834.3881008575
1742 422.702498611381 4834.3774361219
1743 422.743995091828 4834.36740430118
1744 422.858311258635 4834.32221017464
1745 422.868789806878 4834.31475832648
1746 422.970623042078 4834.200842583
1747 423.045799901981 4834.1319988088
1748 423.033805858565 4834.17601197612
1749 423.016335045559 4834.16454990137
1750 423.018632744957 4834.15397119755
1751 422.981719322392 4834.07886388482
1752 423.015597824669 4834.16355869352
1753 423.075962002822 4834.25128144468
1754 423.032064449099 4834.15081763119
1755 409.970355679394 4774.75041547396
1756 409.914801348065 4774.63474642163
1757 409.901529010971 4774.56627966299
1758 409.902225237265 4774.45886443289
1759 409.958777247846 4774.3233879019
1760 409.904889083688 4774.19858905885
1761 409.892527057793 4774.18675668975
1762 409.744172366121 4774.17949965974
1763 409.629089900011 4774.16547376787
1764 409.557357395905 4774.04557898531
1765 409.468772917732 4773.93757109554
1766 409.556552999498 4774.04014715175
1767 409.69594209979 4774.12593531687
1768 409.775390188748 4774.10966694599
1769 409.928211252441 4774.17773277949
1770 410.024290518114 4774.1700222876
1771 410.021676690256 4774.19393709852
1772 409.945659562897 4774.26047261158
1773 409.922346999592 4774.41139326071
1774 409.897250890119 4774.55656191134
1775 409.895089854977 4774.67010544697
1776 409.938224714615 4774.70174625763
1777 409.132472431593 4774.84894422687
1778 409.131889501704 4774.82962550269
1779 409.073588200114 4774.72866099017
1780 409.036196054035 4774.6459669567
1781 409.001239336847 4774.56901634471
1782 408.987371851323 4774.4444677915
1783 408.895911881948 4774.40781365094
1784 408.850385340706 4774.39864773895
1785 408.947069024266 4774.53397437378
1786 408.954099145678 4774.6582809598
1787 408.953676455653 4774.7545859059
1788 408.975093626152 4774.84126921582
1789 409.018586688854 4774.92388151367
1790 409.041664891089 4774.94001221591
1791 411.402983107211 4775.26745451674
1792 411.289424532355 4775.1749653522
1793 411.240409533447 4775.05964534137
1794 411.219261263359 4774.97883897175
1795 411.21107692282 4774.83144345169
1796 411.298939715416 4774.73066929288
1797 411.346481603395 4774.69506367186
1798 411.369564815642 4774.46784607218
1799 411.430135672046 4774.40152733836
1800 411.413549280448 4774.53402798942
1801 411.414217968644 4774.69196186
1802 411.481277926722 4774.78716708082
1803 411.580344311407 4774.91627860642
1804 411.525085690725 4774.95909128333
1805 411.374404333272 4774.97160010634
1806 411.432559562625 4775.09546579004
1807 411.466637381239 4775.20731572553
1808 411.529080496316 4775.25437657674
1809 433.35212551449 4805.26148436489
1810 433.385396487947 4805.3173562381
1811 433.412626424457 4805.40127685186
1812 433.394675051239 4805.50263642317
1813 433.313920319663 4805.54252926058
1814 433.218036349663 4805.60023245598
1815 433.149098687519 4805.72919778371
1816 433.085299849471 4805.7962482486
1817 432.9791709373 4805.89004247289
1818 433.112456523763 4805.78265103663
1819 433.204807116466 4805.70376728525
1820 433.284280930864 4805.81316062788
1821 433.267939761458 4805.75756616386
1822 433.291354967215 4805.59473179069
1823 433.37065905711 4805.48177052484
1824 433.400866063235 4805.31742578624
1825 433.395614752541 4805.24483942918
1826 432.388235750138 4805.38790974237
1827 432.424690469183 4805.51838278601
1828 432.46271299126 4805.69237895863
1829 432.439213055501 4805.81234528108
1830 432.390894615265 4805.96077147893
1831 432.368451270911 4806.09705456214
1832 432.387087288883 4806.22748387916
1833 432.480212545736 4806.18701162005
1834 432.586373005481 4806.17051223652
1835 432.617954154039 4806.30836547361
1836 432.638501442349 4806.31438021606
1837 432.727683878178 4806.42267067191
1838 432.751006050214 4806.46342236011
1839 432.697787514422 4806.3154549066
1840 432.578517674034 4806.29209903102
1841 432.571259162554 4806.15722395552
1842 432.541615387209 4806.02701526446
1843 432.569234878466 4805.86535767106
1844 432.580681403739 4805.76272770252
1845 432.466623210772 4805.61370377754
1846 432.406029772238 4805.51501539016
1847 432.421659493915 4805.44210948639
1848 431.406281313408 4805.54264614222
1849 431.458968017487 4805.68272351694
1850 431.427581309557 4805.78988988346
1851 431.358341246342 4805.92543039748
1852 431.281294681748 4806.01773449868
1853 431.305926080596 4806.13044036926
1854 431.3656645666 4806.19969478018
1855 431.405790190481 4806.26748293306
1856 431.361568097297 4806.15519801028
1857 431.33146771527 4806.04610176609
1858 431.354542718368 4805.91025265641
1859 431.376966462416 4805.80584262368
1860 431.448929033225 4805.72292107454
1861 431.401669752056 4805.63876703292
1862 431.359573574192 4805.54478681309
1863 431.347990416368 4805.52069169008
1864 433.261250529907 4783.17843604314
1865 433.18278902918 4783.24762176742
1866 433.223030561599 4783.29942636288
1867 433.285659227531 4783.37222464971
1868 433.380975288648 4783.26522438444
1869 433.321814769608 4783.22293371029
1870 433.38698385248 4783.23162432102
1871 433.445167603489 4783.29869228629
1872 433.525301971406 4783.35055252069
1873 433.511522467835 4783.32902985697
1874 433.477828362061 4783.19874868677
1875 433.371290391602 4783.13093236182
1876 433.430154138169 4783.06816027368
1877 433.305258806453 4783.07582576887
1878 433.351994110942 4783.18498729017
1879 433.353759053033 4783.19096742442
1880 434.085369976329 4783.41762453356
1881 434.040444053456 4783.55222477979
1882 434.024208211027 4783.67088697514
1883 434.037498887598 4783.55014314746
1884 434.128976381576 4783.52404489517
1885 434.084432161851 4783.41308002707
1886 434.137977877427 4783.60614458938
1887 434.098713557488 4783.53688831422
1888 434.095011461498 4783.38965417093
1889 434.154995780621 4783.53445494859
1890 434.226180405536 4783.66148879763
1892 434.137066891856 4783.4450004702
1893 434.194050482896 4783.53174451215
1894 434.254754035907 4783.40676634536
1895 434.346026345578 4783.43487193738
1896 434.269620930523 4783.33931825347
1897 434.159952322218 4783.24919630707
1898 434.063835246279 4783.28322453828
1899 433.984831478822 4783.31397820561
1900 433.903181832828 4783.41517273389
1901 433.986452652524 4783.51443189756
1902 434.037794701709 4783.40475829905
1904 431.868713761394 4782.31839434147
1905 431.935645770059 4782.38847194144
1906 431.978836963614 4782.34372536489
1907 432.080216345804 4782.29917523354
1908 432.216089325955 4782.25006238805
1909 432.364944049614 4782.19049427915
1910 432.401289698851 4782.21701039834
1911 432.362942630831 4782.37332511043
1912 432.260589091906 4782.39355774684
1913 432.118333500203 4782.4298500593
1914 432.037096689724 4782.37557363276
1915 432.149687839976 4782.33890910937
1916 432.281055453911 4782.31072248659
1917 432.321438451769 4782.17948744504
1918 432.226839505686 4782.10557235613
1919 432.113739655824 4782.19755035484
1920 431.999314515274 4782.26233291253
1921 431.919395086333 4782.27501620201
1922 446.064582934767 4770.13140355591
1923 446.170918152849 4770.21652275929
1924 446.310781413164 4770.25928913098
1925 446.303640183517 4770.36562712995
1926 446.276611204776 4770.4893355178
1927 446.274948400384 4770.6297250993
1928 446.243147594008 4770.7881211639
1929 446.231137704979 4770.92714858294
1930 446.207109911024 4771.03872851282
1931 446.260323619543 4771.17080089844
1932 446.286214011072 4771.22346045736
1933 446.402772478989 4771.29661949227
1934 446.460449891617 4771.25141066421
1935 446.344233436131 4771.18035805009
1936 446.320556853525 4771.05727045397
1937 446.220962084202 4770.93733497048
1938 446.235101887563 4770.81039600933
1939 446.266284618019 4770.72863435406
1940 446.148454695897 4770.64016163594
1941 446.106223155706 4770.55953405521
1942 446.167637461642 4770.41989461692
1943 446.170614575887 4770.27094324301
1944 446.072694514106 4770.21019019611
1945 446.03451166337 4770.23026009739
