#V1 V2 V3
1 444.726365162254 4795.77330727466
2 444.568160846664 4795.7659373575
3 444.55369955983 4795.6241181069
4 444.545285185165 4795.25012930794
5 444.568471071649 4795.31824280827
6 444.553978883911 4795.27182634001
7 444.633840820379 4795.17921363569
8 444.73717574086 4795.32897016406
9 444.596760496124 4794.52280636894
10 444.740005805566 4795.0296345639
11 444.675391884859 4794.85446163442
12 444.645069097844 4794.68722765773
13 444.596603726513 4794.52347402331
14 444.542166205801 4794.55201808211
15 444.530285663114 4794.71582089853
16 444.605130601813 4794.78262325023
17 444.635553843497 4794.96207309861
18 444.711281533953 4795.15736827694
19 444.706375200133 4795.33133169273
20 444.601727203314 4795.18969390076
21 444.540751597641 4795.36011803623
22 444.480549334563 4795.50576959055
23 444.671110008259 4795.52186922898
24 444.7978098886 4795.6733238935
25 444.824016722996 4795.7145365648
26 445.873673643698 4795.99616085092
27 445.936139683941 4796.01920704106
28 445.891031218181 4795.90517345717
29 445.817734915322 4795.77537268615
30 445.841406669128 4795.79450813819
31 445.924318841959 4795.98098503659
32 445.873894569527 4796.05424450559
33 445.815538786114 4795.97730093277
34 445.678418639421 4795.90831923021
35 445.54298368564 4795.79712313649
36 445.47113458603 4795.72717681065
37 445.481396534324 4795.56127858896
38 445.464015856361 4795.38694009658
39 445.406319728175 4795.30255348991
40 445.502331120179 4795.21981665639
41 445.596316907587 4795.21783951417
42 445.631976299674 4795.29529656795
43 445.783327096089 4795.41802858873
44 445.879089598033 4795.57785828194
45 445.879038293601 4795.72368299438
46 445.963048777643 4795.89538032783
48 443.603821412289 4795.55377242318
49 443.642188644365 4795.64219205652
50 443.655727015756 4795.64152410914
51 443.673346609474 4795.6244960542
52 443.710799989571 4795.54455286586
53 443.643630493235 4795.54255695758
54 443.652847427573 4795.51960139598
55 443.647670028285 4795.47244289411
56 443.636517910842 4795.37979848102
57 443.672849037214 4795.41836814947
58 443.67171988161 4795.45813791714
59 443.891653206215 4781.88196343836
60 443.783172591899 4781.99125369234
61 443.814038660671 4781.9304709376
62 443.689839264016 4781.96659290247
63 443.600318902637 4781.98043963312
64 443.616476804434 4782.07681694554
65 443.537680066627 4782.17820213316
66 443.420207229704 4782.30911874905
67 443.468777433425 4782.34536476925
68 443.536177010344 4782.23207880392
69 443.548018408162 4782.04328927319
70 443.582556514574 4781.97481179972
71 443.584907928451 4781.95457935319
72 444.996361149303 4781.85972532961
73 444.860923652391 4781.96399629599
74 444.807996463348 4782.04116783759
75 444.822963464677 4782.08302702
76 444.888366626606 4782.19166858422
77 444.861313579843 4782.23264678414
78 444.862541895081 4782.21375665781
79 444.902729568622 4782.26940515178
80 444.951546859108 4782.34719599113
81 444.928571338169 4782.44011693979
82 444.91382732199 4782.35538662487
83 444.916100174548 4782.25474802201
84 444.956437513565 4782.05784566103
85 445.014864403541 4782.00739623761
86 445.057933236912 4781.85634020711
87 445.038873185153 4781.89114480226
88 445.943329660726 4781.95952891089
89 446.016045485854 4782.09066797236
90 446.042494412631 4782.23894464103
91 445.916553984495 4782.32246210162
92 445.839293186981 4782.42669546307
93 445.896141631484 4782.47366544518
94 445.898500854741 4782.59658963902
95 445.781045625473 4782.73435047103
96 445.704787560412 4782.65799451463
97 445.715240865066 4782.69511605519
98 445.7671317436 4782.57908897257
99 445.762006214511 4782.39488194583
100 445.850427687576 4782.33509372001
101 445.910162397454 4782.14204119418
102 445.860050704029 4781.99228740628
103 445.878665941891 4781.96237532929
104 455.377131637943 4796.23051345806
105 455.311056132507 4796.08512789525
106 455.32450046832 4795.98419707787
107 455.260492516444 4795.83313433966
108 455.170841827426 4795.69234829707
109 455.081214135815 4795.53112830785
110 455.18914770747 4795.4315704107
111 455.254001184044 4795.42747671982
112 455.285400081771 4795.28200356791
113 455.280281265125 4795.34200947749
115 455.869656168459 4795.87867023721
116 455.957893222032 4795.84211261153
117 456.080992656605 4795.81654699031
118 456.2341683415 4795.81433378404
119 456.358000479722 4795.71347027102
120 456.363731284282 4795.54562276067
121 456.434350247174 4795.36625173839
122 456.393606797102 4795.19770388757
123 456.425504731163 4795.01236297135
124 456.419952594924 4794.81748987674
125 456.347094717145 4794.72577984319
126 456.181480967714 4794.87788942662
127 456.103301308028 4795.00422563686
128 456.264339212032 4795.12401650092
129 456.266733154798 4795.2812609233
130 456.254445963973 4795.36285775832
131 456.302791345922 4795.21339314939
132 456.391443554421 4795.20182700383
133 456.447661188003 4795.40570322669
134 456.435003921048 4795.58136929363
135 456.34870742093 4795.73118858747
136 456.181973457457 4795.80656393491
137 456.041023830327 4795.95574160933
138 455.967795446486 4796.06794311897
139 456.031849922506 4796.2164576784
140 456.004616345206 4796.26838826932
141 448.883540178438 4815.89813168883
142 448.973242628026 4815.77439133664
143 449.03803912027 4815.65006333427
144 448.978721243337 4815.54777794183
145 448.877572114205 4815.52755420303
146 448.817904100045 4815.5711007379
147 448.869997545877 4815.44586816481
148 448.795555937924 4815.57771246196
149 448.663079048789 4815.61659463175
150 448.590931383825 4815.47631523366
151 448.425675109491 4815.49024079233
152 448.389580252802 4815.43354123054
153 448.401729440496 4815.47831825037
154 448.323377713489 4815.34186539951
155 448.324350107741 4815.43692937166
156 448.250865126833 4815.34475482534
157 448.202938584415 4815.20096136432
158 448.220409086712 4815.24347582855
159 448.253414946753 4815.15048296405
160 448.349804595491 4814.99203084572
161 448.448339452752 4814.85966398301
162 448.494948510658 4814.7787854018
163 448.517746044045 4814.76717138294
164 448.435539516617 4814.92007010914
165 448.28205754542 4815.04730585509
166 448.2038270878 4815.25337709749
167 448.295445405047 4815.3795087182
168 448.430672889521 4815.50930563841
169 448.549314063451 4815.5855877139
170 448.679251413814 4815.58481786105
171 448.823515723372 4815.51152741287
172 448.936771762767 4815.48612199319
173 448.931607349579 4815.59411599247
174 449.041240400875 4815.65636977984
175 448.928191979387 4815.78339608041
176 448.886251318738 4815.90377539806
178 457.262957287731 4796.25266689359
179 457.27956714304 4796.12195648777
180 457.368699607903 4795.96935484012
181 457.326035813337 4795.78781975409
182 457.253079113525 4795.62546717839
183 457.296671536434 4795.46504502286
184 457.239367053602 4795.26472283655
185 457.070592393326 4795.21337045018
186 456.9677786453 4795.23001530058
187 457.145544123155 4795.2923030931
188 457.255876985457 4795.45197524477
189 457.335689282708 4795.60806533518
190 457.122938978233 4795.56487407661
191 457.145610867103 4795.70022271736
192 457.189483053054 4795.87963895134
193 457.344063348241 4795.93330468896
194 457.295997738976 4796.09131158821
195 457.418548059115 4796.24924345064
196 457.440160015507 4796.30752471085
197 447.910201219506 4815.33627588891
198 448.115350038804 4815.29393072717
199 447.985234321995 4815.18864584166
200 447.834256573878 4815.13628085039
201 447.748555338972 4815.02388147359
202 447.773192542171 4815.0099182549
203 447.684356756044 4814.94196993278
204 447.677183201234 4814.77853823331
205 447.780748837407 4814.83726489904
206 447.883282383783 4815.01361875049
207 447.954569614155 4815.15511914536
208 448.078147437608 4815.30376915144
210 405.208593625571 4831.77618633167
211 405.200550131438 4831.96603176274
212 405.195489274364 4831.97898916064
213 405.268669998046 4831.77955746487
214 405.210423463715 4831.68884838328
215 405.198178699384 4832.00938812644
217 405.380248526235 4832.32151413912
218 405.262892567706 4832.31217618861
219 405.403493816179 4832.38505903094
220 405.402317928554 4832.547369472
221 405.428085160644 4832.73240481288
222 405.522692471783 4832.82238020102
223 405.632530502582 4832.94002425075
224 405.495364904164 4832.84664897997
225 405.357916406851 4832.94467843131
226 405.441690892667 4832.7989741857
227 405.398394870682 4832.61229801153
228 405.403718778417 4832.42382418949
229 405.403542513523 4832.35995334682
230 421.005829690412 4829.43344386426
231 420.858642744564 4829.3460969601
232 420.83955584728 4829.27434477183
233 420.798075341527 4829.46577546631
234 420.59872843134 4829.49234903122
235 420.574021671043 4829.49819563334
236 420.62144336389 4829.48186089294
237 420.471523764051 4829.53184558448
238 420.488187783487 4829.52153987104
239 420.450758188947 4829.56374891543
240 420.504840983732 4829.51712139513
241 420.696095792193 4829.48197678366
242 420.896839577259 4829.43695093641
243 420.986588567167 4829.43744728632
244 420.836622713605 4829.05333713409
245 420.696921862714 4828.97201437327
246 420.557371998046 4828.89691294924
247 420.452415462154 4828.82618004105
248 420.344057024044 4828.78858999624
249 420.515054457623 4828.83354557597
250 420.701376606227 4828.96651891884
251 420.866958480392 4829.05242353281
253 418.886925553572 4816.64600014287
254 418.778919361098 4816.7951439686
255 418.802895177909 4816.79863115105
256 418.755311353901 4816.95604367779
257 418.811112175824 4817.1646357363
258 418.828405552999 4817.30460397174
259 418.862332812661 4817.50990600712
260 418.719777881789 4817.66224505594
261 418.863980079608 4817.45879153207
262 418.831607408966 4817.29523502204
263 418.792429940946 4817.09721641856
264 418.775063842715 4816.93792208811
265 418.778267063134 4816.84158125443
266 418.858912314932 4816.69665490145
268 420.732020910425 4816.70642859885
269 420.74860890924 4816.88595146652
270 420.738560308523 4816.73989600871
271 420.621264898176 4816.62576140138
272 420.441444106884 4816.69486297845
273 420.258679620301 4816.76089425754
274 420.254435195441 4816.73706353762
275 420.378778493286 4816.64695359638
276 420.473791735604 4816.59262535125
277 421.25974191558 4817.54628447532
278 421.408239234818 4817.58620074617
279 421.441417562797 4817.49195551399
280 421.414897970324 4817.40185088456
281 421.274164943372 4817.29342180117
282 421.248806539138 4817.32348648662
283 417.325344736411 4812.49379255462
284 417.41785493086 4812.60850921531
285 417.385225510397 4812.65278385791
286 417.543147666669 4812.64540655702
287 417.626744467339 4812.69992139463
288 417.460038572526 4812.62420923443
289 417.304693508816 4812.53836491
291 416.308710607703 4812.68895192009
292 416.347398276332 4812.71612923072
293 416.496446797739 4812.63919326634
294 416.56884621897 4812.65118106803
295 416.413725493461 4812.63000009413
296 416.376038538853 4812.6443521835
297 408.593960531706 4804.62062351681
298 408.366853966554 4804.70123286022
299 408.270397449376 4804.59557439594
300 408.130699687613 4804.53315903813
301 408.261581727921 4804.66222961982
302 408.178747933514 4804.80797832725
303 408.185029159314 4804.92441344617
304 408.081822567296 4805.06677498008
305 407.915200135642 4805.13813528095
306 407.84654282706 4805.15240115186
307 408.056891065292 4805.11565535544
308 408.198500190071 4805.15860433159
309 408.309263125721 4804.9880393452
310 408.351200409522 4804.8490673852
311 408.399658270378 4804.74277521679
312 408.418745694328 4804.77639503922
313 408.733522725695 4806.00398411072
314 408.694881327049 4805.9075357768
315 408.642182127098 4805.72397081103
316 408.75712506693 4805.64088563352
317 408.915576545224 4805.63663587863
318 409.030474494384 4805.56188691617
319 409.105489222714 4805.38826247769
320 409.196498171597 4805.2411935805
321 409.281256171321 4805.21339590146
322 409.427741563227 4805.16777634786
323 409.360809461992 4805.34695328823
324 409.266943816331 4805.52871444193
325 409.228903991112 4805.66340712076
326 409.200300514033 4805.75887393867
327 409.030311250688 4805.70006945545
328 408.861515411779 4805.68190743814
329 408.707972599511 4805.73163394341
330 408.63511231367 4805.91378712021
331 408.686918627284 4806.04937856753
332 408.730045516617 4806.02235892928
333 400.699077525272 4812.01194951791
334 400.643140471684 4812.19728243693
335 400.641212696451 4812.39581577186
336 400.732608161382 4812.51921460957
337 400.764878066584 4812.69391677351
338 400.847725259167 4812.89664496726
339 400.924823708039 4813.07191011059
340 400.943480108271 4813.12462223443
342 400.924875562513 4812.14547977864
345 400.809346449831 4812.16384175878
346 400.789147457525 4812.18246775775
347 400.991179509621 4813.05049532045
348 401.156887124144 4812.97341441382
349 401.298908697631 4812.85336249158
350 401.466543922751 4812.81347385845
351 401.459956330939 4812.68393700585
352 401.269048499414 4812.61019603688
353 401.169041606055 4812.51679776108
354 401.08476383153 4812.39262226641
355 401.080457613929 4812.31426119901
356 420.04167373906 4781.37111688575
357 420.187222044203 4781.41050320034
358 420.193861190902 4781.5538143512
359 420.177718490997 4781.61886756315
360 420.236043536971 4781.59530344942
361 420.320674295518 4781.60397468235
362 420.233629547624 4781.67363483138
363 420.09285591646 4781.58354445076
365 421.32537480116 4781.33915874633
366 421.319276395085 4781.50061066291
367 421.413815314108 4781.62124822284
368 421.361918964156 4781.79344756394
369 421.434583205106 4781.83603548581
370 421.320345235107 4781.81791890053
371 421.374468471323 4781.7048925761
372 421.28986635191 4781.58602874144
373 421.225268701503 4781.60865674777
374 421.134697606321 4781.45198975946
375 421.037104460685 4781.32794827233
376 421.077800126245 4781.24861796975
377 422.058988003933 4782.76270920769
378 422.074663215596 4782.65557143402
379 422.104024257882 4782.61513967358
380 422.19190279816 4782.52550181659
381 422.159998992189 4782.34382713007
382 422.152745732583 4782.15031942568
383 422.271740518211 4782.2013824864
384 422.281496510035 4782.23014855494
385 422.145697263059 4782.3155575214
386 422.263043338726 4782.49992027709
387 422.423326966962 4782.53785236376
388 422.439710497926 4782.65617451848
389 422.243502665674 4782.71705859924
390 422.13172343006 4782.70634220151
391 422.127217747436 4782.71028115798
392 416.004082612292 4790.95608028591
393 415.948318567985 4790.85769508645
394 415.932644490481 4790.66051499503
395 415.843590137301 4790.62707584262
396 415.810580372187 4790.57694779451
397 415.797336908895 4790.49747376888
398 415.729984302492 4790.58416844898
399 415.788185875405 4790.74116755297
400 415.910115759252 4790.8664989153
401 415.931600422806 4790.88411516403
402 444.750681887527 4807.65932710508
403 444.78543699677 4807.59307039568
404 444.917237669066 4807.65274539938
405 444.994350530711 4807.56848493959
406 445.088645819132 4807.51618313214
407 445.149470619227 4807.51924250445
408 445.201444143633 4807.54891864643
409 445.17419858419 4807.35422225723
410 445.041038582842 4807.3268729637
411 445.120258699788 4807.26214421482
412 445.120256244507 4807.24193055109
413 445.140295537693 4807.2669791918
414 445.136290159063 4807.27223177041
415 445.129836141603 4807.15555578283
416 445.073876100367 4807.05427620073
417 444.984563774902 4807.01346564501
418 444.86628166945 4807.12338488055
419 444.934679596439 4807.31985442665
420 445.062226183636 4807.3636848335
421 445.266074886077 4807.45232357062
422 445.151504379672 4807.52044768007
423 444.975320638332 4807.50833218082
424 444.87325746931 4807.51149754678
425 444.70453448858 4807.56030249408
426 444.621320150878 4807.65039174627
427 443.770374648135 4805.67692736617
428 443.820495200242 4805.7929055341
429 443.829039635339 4805.89523574062
430 443.851011294987 4805.90815856521
431 443.749509389217 4805.99130216929
432 443.811750823851 4805.89038170816
433 443.782808187315 4805.83775602033
434 443.682238694624 4805.79972164182
435 443.712032275518 4805.7406090917
436 432.512144072368 4830.33922687574
437 432.51753822043 4830.41814495163
438 432.556553279033 4830.52660294988
439 432.627173745032 4830.62485780864
440 432.537407759017 4830.47625780904
441 432.511256791756 4830.39532732763
442 432.472076010745 4830.35062676094
443 432.485084058928 4830.30428958516
444 432.502685545726 4830.25735080379
445 432.527507981824 4830.28642386702
446 432.537014115959 4830.32498129704
447 432.563920151502 4830.27250645814
448 432.581684099322 4830.2496689448
449 432.695385862067 4830.19443363372
450 432.642292937001 4830.27482811131
451 432.676530849954 4830.35767709848
453 434.945642995753 4822.49943995509
454 435.107026291538 4822.46400239405
455 435.115382493426 4822.32552846011
456 435.110317020841 4822.30291912055
457 435.065340858072 4822.25492726561
458 435.011963089292 4822.25710955062
459 435.075615149699 4822.20629037094
460 435.057958632191 4822.22667579197
461 435.12422329808 4822.14517652555
462 435.150934357211 4822.04173463958
463 435.199227089381 4821.93097619969
464 435.187977004755 4821.88698999214
465 435.750013505529 4821.44619797188
466 435.86218308204 4821.49133117041
467 435.942906814837 4821.49244921185
468 435.984210240563 4821.48583563943
469 435.998875224384 4821.50713234293
470 435.997933000038 4821.61176882847
471 435.974555527984 4821.71051028518
472 435.935682195778 4821.75153234734
473 435.885363178219 4821.69370084803
474 435.922532408785 4821.8551746387
475 435.902759771581 4821.9335562932
476 435.803992212619 4822.07267012485
477 435.729462073999 4822.26220137253
478 435.678787177206 4822.27668123979
479 435.690785014662 4822.34853957502
480 426.784879016384 4821.64687645758
481 426.718137986013 4821.57984969601
482 426.68814387725 4821.54852116766
483 426.686273615931 4821.50300171152
484 426.642941115808 4821.44149605333
485 426.580513689228 4821.37764461902
486 426.509387194237 4821.24991091752
487 426.533632609704 4821.30951404286
488 426.636454430842 4821.46900187389
489 426.721596998105 4821.54882264631
490 427.804581385056 4822.83309215693
491 427.846007672493 4822.63627054755
492 427.851290941344 4822.45127793406
493 427.751173117788 4822.34383621561
494 427.750727527841 4822.30241093488
495 427.675697444791 4822.22935513034
496 427.633608213046 4822.18449082858
497 427.711173271907 4822.04259347922
498 427.764832239985 4822.23172815232
499 427.86918884854 4822.3425678151
500 427.893776487538 4822.50324793742
501 427.918657213716 4822.6838070119
502 427.895782695653 4822.76535770122
503 442.143975132573 4829.2164094051
504 442.120891398691 4829.34678157122
505 442.135338915858 4829.47794038435
506 442.084397817285 4829.61543963238
507 442.044693498189 4829.72707411252
508 442.137982799973 4829.78413492208
509 442.188309694541 4829.87477718082
510 442.069390376428 4829.71830824412
511 442.094921629403 4829.52593810407
512 442.124030939564 4829.32720631415
513 442.18258621626 4829.27683093304
514 443.319080814171 4829.40395951446
515 443.394331044394 4829.49484406159
516 443.4452008558 4829.61336909726
517 443.426298550183 4829.57276644908
518 443.416402744999 4829.62405265122
519 443.379048138416 4829.67257197409
520 443.349802849976 4829.51576802588
521 443.208896542887 4829.41899804014
522 443.262244362625 4829.27693363149
524 404.034875348779 4833.81864474844
525 404.048759836076 4833.60560688129
526 404.055131996413 4833.41989262129
527 404.017512609166 4833.22092345203
528 403.936336118815 4833.05612702133
529 403.923386578326 4832.85080580853
530 403.942537542239 4832.6393587153
531 404.004931358149 4832.48972131977
532 404.068481468096 4832.30796458012
533 403.988601100787 4832.49862007978
534 403.925735569971 4832.65470733237
535 403.914484898149 4832.79827933165
536 403.933626482622 4833.03594845234
537 404.01770370444 4833.23425089937
538 404.041425938047 4833.38098720449
539 404.055401719008 4833.51186706839
540 404.029894802578 4833.71318542659
542 428.561779311697 4820.8920053306
543 428.575882210694 4820.79722206352
544 428.570926921819 4820.84037067253
545 428.550614063022 4820.96665337395
546 428.610385207108 4821.02533056146
547 428.696980610961 4821.03063114477
548 428.761366207351 4821.05982659896
549 428.709460162221 4821.11780132678
550 428.730433959412 4821.18311131829
551 428.688950925189 4821.37037463559
552 428.688729430109 4821.43324377828
553 428.705797983025 4821.24479550661
554 428.658694543718 4821.10045753314
555 428.617483296963 4821.05457817005
556 423.241953425199 4833.02964586685
557 423.391172876838 4833.13523615619
558 423.564184235409 4833.23400446438
559 423.74459350072 4833.19673571738
560 423.934083381852 4833.20602061002
561 424.109794310717 4833.2450132541
562 424.332510237301 4833.21127963562
563 424.503839266883 4833.255330507
564 424.668293236079 4833.38388064561
565 424.839211016129 4833.44938219141
566 424.69991524272 4833.40585105675
567 424.536090064411 4833.27573801411
568 424.415325887266 4833.18812883951
569 424.199468384652 4833.24355288447
570 424.053097187805 4833.20278096798
571 423.828691898516 4833.22265862291
572 423.625505745198 4833.20764593996
573 423.451112834029 4833.17142774783
574 423.277487887842 4833.0475660944
576 423.387158994281 4832.09361027418
577 423.445761048489 4832.26599648607
578 423.442928712825 4832.20171584999
579 423.55302744046 4832.10848707091
580 423.716412291158 4832.15327566757
581 423.901305011996 4832.23103541058
582 423.775091729223 4832.17026850138
583 423.532426558542 4832.11294317825
584 423.354167268774 4832.06566343065
585 423.339880811824 4832.07204722656
586 421.112960032398 4830.12885393122
587 421.05968545026 4829.97686213193
588 421.029188860183 4829.94323204161
589 421.040903467977 4830.01285008828
590 417.081326094871 4790.0381527046
591 417.112443603762 4789.90737515966
592 417.051927358743 4789.81137179532
593 417.108481812841 4789.68272698193
594 417.229852000124 4789.56306612851
595 417.108080027986 4789.5169029837
596 417.078137632497 4789.39186970305
597 416.960523139621 4789.3208894946
598 417.007161156554 4789.38362946001
599 416.970398822452 4789.51758641317
600 416.994144259271 4789.59382384254
601 416.952924082081 4789.76804321347
602 417.074958882506 4789.90905492378
603 417.102881162888 4789.92204227278
604 418.358206324141 4790.96443652116
605 418.328506250651 4790.8099615514
606 418.341307852386 4790.78781545572
607 418.326785504707 4790.80187411155
608 418.335473640875 4790.9437178039
609 418.36378517584 4790.9963577278
610 433.437118961481 4793.32655892409
611 433.384098850953 4793.49578811877
612 433.308724329171 4793.61903453192
613 433.451708106597 4793.5564320565
614 433.633911530363 4793.57985734631
615 433.63648544714 4793.63558694301
616 433.482293886898 4793.62254891619
617 433.311426410275 4793.58857601145
618 433.39609699884 4793.52787917321
619 433.381253663414 4793.45394442691
620 432.751904948757 4794.33546806279
621 432.600083378855 4794.27389110398
622 432.420509639637 4794.22803235975
623 432.302189856339 4794.15057872424
624 432.250194165862 4793.99682783378
625 432.385946464602 4793.90228780954
626 432.55116802055 4793.84199869571
627 432.500428259166 4793.90359004383
628 432.333584424281 4793.94745889419
629 432.246884211584 4794.10392844752
630 432.403125127974 4794.20932455769
631 432.567524589172 4794.25466744434
632 432.651248958518 4794.31247753841
633 431.708998389488 4795.36393149012
634 431.629624918521 4795.22245618447
635 431.636351455652 4795.01291725939
636 431.546103670371 4794.88754617459
637 431.557648713923 4794.72960436234
638 431.483688419975 4794.57896857281
639 431.424416696358 4794.60555771084
640 431.511337923901 4794.80248755709
641 431.502720668418 4794.96106628804
642 431.62605849861 4795.04589675505
643 431.631968010323 4795.19744261541
644 432.511154202762 4769.73915034712
645 432.512962623215 4769.83975415961
646 432.564665221768 4770.01338775428
647 432.410827912501 4770.07399354505
648 432.357389387128 4770.16103970047
649 432.492977748009 4770.058187546
650 432.677171529148 4770.02949207927
651 432.706775007098 4769.89426062839
652 432.57192472161 4769.93235224707
653 432.515047581838 4769.77887187093
654 432.47103654555 4769.71644616725
655 433.463655621497 4769.99335122214
656 433.480065250126 4770.17355470459
657 433.56035834839 4770.27639300033
658 433.564569713655 4770.47492946192
659 433.513599345775 4770.64101798733
660 433.489833172698 4770.85026685675
661 433.422141171564 4771.0206284834
662 433.335622610057 4771.16318726802
663 433.275860116402 4771.21974618749
664 433.399283326157 4771.31416464335
665 433.256015189402 4771.19639518407
666 433.246637778523 4771.01156957861
667 433.355424843421 4770.84036055037
668 433.484105824284 4770.6801767414
669 433.402688115062 4770.4783947107
670 433.540946523048 4770.34788322069
671 433.564512983782 4770.2515859272
672 433.468426230598 4770.09026114874
673 433.399462892323 4770.05594919523
674 434.521814664411 4769.82985817586
675 434.578974758715 4770.0006771024
676 434.751594310438 4770.03778559929
677 434.890849073427 4770.17039553344
678 434.832384236795 4770.30544788121
679 434.827562038443 4770.36313445443
680 434.84946052063 4770.32050023611
681 434.858590370607 4770.14260486047
682 434.691980092049 4769.9929316758
683 434.541542612897 4769.88353351615
684 434.541824584755 4769.87897732061
685 445.227640112735 4770.20081374617
686 445.330685684325 4770.33136897222
687 445.377406910259 4770.45293623093
688 445.399066427633 4770.62679021806
689 445.50331475477 4770.66449420351
690 445.610226764325 4770.82212071958
691 445.609167129276 4770.97516653267
692 445.722228839804 4770.91418441954
693 445.582390615092 4770.81212526776
694 445.439178955537 4770.66533967081
695 445.504924503186 4770.5806328818
696 445.327848928562 4770.43456418393
697 445.323347090466 4770.27900856524
698 445.293250459914 4770.25137420489
699 444.548899203349 4770.82377397265
700 444.505931067315 4770.97516189836
701 444.530651186002 4770.9721845246
702 444.526671012721 4770.82295505107
703 444.582147764777 4770.6881244391
704 444.598341809797 4770.67755355876
705 432.647248333784 4760.08997714086
706 432.73505057387 4760.06457013609
707 432.597973052983 4760.14477005167
708 432.727146763384 4760.04843305039
709 432.768162700365 4759.94940938834
710 432.768320072881 4759.94052307448
711 432.786462718253 4759.93656899899
712 432.764072600095 4759.95633523106
713 432.724456818384 4760.05678894392
714 432.798752228975 4759.94266775709
715 432.808213636221 4759.95967811925
716 432.81191811953 4759.96330674844
717 432.772448333612 4759.93748394667
718 432.841074263402 4759.84363177023
719 432.820593425681 4759.80040830578
720 432.74121722693 4759.82906317526
721 432.73079863763 4759.93878132301
722 432.71464494721 4760.0290093499
723 432.739391422361 4760.0499786951
724 433.8500854068 4758.11750655123
725 433.88869149099 4758.25606875719
726 433.889313842376 4758.25295310356
727 433.891671652409 4758.15075614964
728 433.888103525614 4758.05139284594
729 433.973760563129 4758.02024806681
730 433.953244905738 4758.37938810646
732 433.911627303492 4758.51183842453
733 433.825587874655 4758.64627271525
734 433.87723868806 4758.52283181443
735 433.861142601688 4758.46890141749
736 433.768633019648 4758.60040027935
737 433.695670712559 4758.6869545125
738 433.818386523311 4758.71120073729
739 433.827961946451 4758.68945175161
740 434.851508974224 4759.33999947133
741 434.973292688498 4759.43957279155
742 434.970126288576 4759.30355584886
743 434.879373151262 4759.16614968292
744 434.742541975133 4759.1653414668
745 434.621664051117 4759.23845999201
746 434.691184758485 4759.30354378189
747 434.831562644193 4759.24889883652
748 434.831584826157 4759.25123086029
749 444.775855768169 4819.12284588997
750 444.693096760027 4818.97547462269
751 444.671182626333 4818.77762353922
752 444.566134993957 4818.73139657546
753 444.542546719859 4818.74269771555
754 444.682458557381 4818.71388973912
755 444.63979343286 4818.56785539898
756 444.670393641825 4818.42632718851
757 444.723892385902 4818.22852245955
758 444.736879842763 4818.1171273468
759 444.815055638382 4818.01019508106
760 444.853967159948 4817.92524349791
761 445.006888825046 4817.98263435282
762 445.102603721022 4818.13223596225
763 445.101718587694 4818.30106373781
764 445.218285104878 4818.43139338672
765 445.165260116065 4818.55999591873
766 445.016215070627 4818.44115034117
767 444.849667290889 4818.37676290397
768 444.7613070888 4818.2568701418
769 444.672679428695 4818.40942630339
770 444.649120175846 4818.56189210708
771 444.600310608821 4818.72000828494
772 444.619891427339 4818.81092142899
773 444.572009430701 4818.96358802332
774 444.60354244362 4819.11226824774
776 444.336802962901 4818.74684117548
777 444.358752762718 4818.94780089869
778 444.27823538227 4819.11129121824
779 444.079421988173 4819.10194626193
780 443.89905953237 4819.14398812259
781 443.786780017388 4819.27676211572
782 443.797839879121 4819.13028373899
783 443.914115932046 4819.02091172966
784 444.028189392254 4818.86979911733
785 444.157091206512 4818.82963192646
786 444.101113120978 4818.74601968376
787 444.034209796696 4818.69004331498
788 444.177409428909 4818.59977768427
789 444.276410013695 4818.61794894171
790 443.255105233338 4817.33522891895
791 443.150414545183 4817.42118980073
792 443.198962986284 4817.62747459741
793 443.02144581369 4817.68506459658
794 442.90330382877 4817.78524895324
795 442.747423397903 4817.93384850426
796 442.704619655228 4818.06171768796
797 442.759848787447 4817.92163646979
798 442.901800603444 4817.80814145655
799 443.020233912186 4817.63742726792
800 443.089058130939 4817.46913403398
801 443.029240247262 4817.33591617576
802 443.17194339 4817.32848945389
803 443.217453877552 4817.32810515986
804 416.472670394244 4825.27022062124
805 416.309110370027 4825.26148389565
806 416.262552129878 4825.30338562066
807 416.29908163531 4825.3703540824
808 416.250225109656 4825.247445187
809 416.207865216236 4825.24397517196
810 416.380774038497 4825.30946472956
811 416.507724068392 4825.30310769571
812 416.526427685174 4825.43039215852
813 416.535611282676 4825.64932310802
814 416.528487540026 4825.84912946483
815 416.417208417067 4825.97825426534
816 416.249677089015 4826.0316614408
817 416.087800780819 4826.09799826267
818 416.164287382552 4826.07371567334
819 416.304865169738 4826.00231465795
820 416.385007450573 4825.97965520158
821 416.938034386452 4826.23281843066
822 416.738599935102 4826.16164613839
823 416.689117755863 4826.03929740376
824 416.611544003715 4825.96328427161
825 416.645500276765 4825.82368196438
826 416.621691779567 4825.87018610982
827 416.576404413658 4825.9231777386
828 416.522599944473 4825.70691214502
829 416.628966118629 4825.57829467047
830 416.698296064854 4825.54933097874
831 416.835688413961 4825.53885161538
832 416.702652448234 4825.50995542605
833 416.560603649842 4825.52915946003
834 416.543678005656 4825.33698344848
835 416.492302767789 4825.21899164845
837 416.56679516361 4825.96861694467
839 416.630260840036 4826.0009291691
840 416.737587029792 4826.15810422288
841 416.815276956822 4826.19168562574
842 414.838667187294 4826.18238468099
843 414.734833767987 4826.06851507114
844 414.732041933766 4826.07121643878
845 414.83387751021 4826.17400351421
846 414.997158492361 4826.25779635509
847 415.021638004819 4826.39911129091
848 414.995334563235 4826.37511835229
849 414.975383690445 4826.18342755248
850 415.197346624045 4826.13807512517
851 415.329206296242 4826.11252782588
852 415.370540824013 4825.95827395177
853 415.328523418645 4826.10320586649
854 415.156465106916 4826.11704280155
855 415.092635484274 4826.12029404579
856 413.418803019005 4816.37335237624
857 413.356102542821 4816.43380794401
858 413.276342423698 4816.49437289086
859 413.341580033073 4816.45521073432
860 413.395118463328 4816.38032178588
861 413.512911286223 4816.39080323761
862 413.539585039478 4816.38990509204
863 413.698465802561 4816.48939028774
864 413.489178901859 4816.3688928172
865 413.537210928506 4816.43170067559
866 413.511326401625 4816.5254493691
867 413.47425087089 4816.66066288532
868 413.406815070114 4816.80537567928
869 413.477360549132 4816.65095916422
870 413.553217412212 4816.51946829217
871 413.535385576511 4816.4155068367
872 412.304281627569 4816.55029102918
873 412.443832511487 4816.57990884768
874 412.527826028779 4816.69011646892
875 412.497524567596 4816.80369879313
876 412.433730763539 4816.9780324248
877 412.441637086472 4817.03880024255
878 412.484372977304 4816.85563213369
879 412.499107666312 4816.67049584371
880 412.485820253607 4816.51304917985
881 412.287532541484 4816.54328926315
882 412.274400394881 4816.54701494368
883 412.18905880749 4816.5942254168
884 412.169862955559 4816.70333238117
885 412.170345021092 4816.72787432938
886 412.166694177322 4816.65261109467
887 412.167390828357 4816.61305823404
888 411.25457502372 4817.06390598065
889 411.112529418075 4817.15730985159
890 411.217417345676 4817.26889177578
891 411.149485356776 4817.39641819065
892 411.286131045656 4817.26176493354
893 411.313571569232 4817.14754769259
894 411.33617216864 4817.09548724611
895 411.17782100737 4817.19099297327
896 411.230889557859 4817.09498718828
897 411.226002663152 4816.9758644375
898 411.194118999196 4816.93718556185
899 411.194614330175 4816.93795657356
900 416.118191641131 4813.15828299476
901 415.989712179582 4813.09934784153
902 415.780942464799 4813.03142156713
903 415.550288002667 4812.9864354334
904 415.449084948647 4813.06445830067
905 415.484604370349 4813.06467903761
906 415.557556514325 4813.13385304112
907 415.560024767582 4813.20813185351
908 415.705464141655 4813.1869831053
909 415.916757354529 4813.24998811999
910 415.853152520134 4813.22923367438
911 415.67614648222 4813.13925421363
912 415.609800455565 4813.03545161882
913 415.856129785321 4813.0660262356
914 415.985503666222 4813.12516988261
915 416.184297120165 4813.15246175438
917 399.212243427617 4811.2262245994
918 399.265079792185 4811.31196865457
919 399.36939565836 4811.20310404977
920 399.385417188823 4811.26251657236
921 399.441187977619 4811.4637446853
922 399.571172762139 4811.6327636306
923 399.654357834814 4811.80603625296
924 399.670147606714 4812.01863657731
925 399.725284880008 4812.17822005124
926 399.837162178144 4812.25187053902
927 399.846014688122 4812.48268091159
928 399.913398241668 4812.63375252504
929 400.108260029758 4812.64019164009
930 400.143416422786 4812.8229576205
931 400.15688724785 4812.98938266739
932 400.089696404322 4812.91073217531
933 400.126967795387 4812.78865458645
934 399.996225973554 4812.68073271758
935 399.918477171041 4812.59435362646
936 399.813839475272 4812.52825904526
937 399.686880379189 4812.51204146232
938 399.68227197044 4812.34381889383
939 399.679899537563 4812.19533589683
940 399.665805961628 4811.98248808939
941 399.624618985721 4811.84147032923
942 399.518266513695 4811.62333254617
943 399.461890277693 4811.50064872739
944 399.353986262264 4811.29853245367
945 399.30469528197 4811.24417133525
946 409.854610627033 4806.05912314155
947 409.946331172706 4806.14709401108
948 409.970982236175 4806.3254883164
949 410.004599120345 4806.42323226282
950 410.013091338075 4806.41023410741
951 409.964820917657 4806.30679845129
952 409.882314816374 4806.2051529556
953 409.70529474046 4806.30360007442
954 409.599098518405 4806.37455571073
955 409.735673657209 4806.31030275885
956 409.819349236167 4806.19022079658
957 409.875830032194 4806.08338789575
958 409.896106862622 4805.93993885387
959 409.916022961789 4805.85436589542
961 408.483461096165 4794.35420044814
962 408.29954381004 4794.43866072854
963 408.18495416643 4794.5379591493
964 408.059015690779 4794.54799751223
965 408.122610591403 4794.40962300601
966 408.003400880619 4794.32982179213
967 408.039412989015 4794.24535964154
968 408.162788986318 4794.20147769565
969 408.243995625765 4794.18293877086
970 408.274708623812 4794.08433205975
971 408.277242920833 4794.09173983
972 408.406029094017 4794.24372666606
973 408.441812046637 4794.27401105921
974 409.542459992081 4794.05618401637
975 409.359595293883 4794.16625921582
976 409.164995898796 4794.19941055881
977 408.981863551248 4794.28883981765
978 408.901406877249 4794.26059704367
979 408.521556376451 4794.27337838529
980 408.629571547126 4794.2032764016
981 408.770241594641 4794.21426592951
982 408.962191058453 4794.2738867484
983 409.029501014203 4794.29586433778
984 408.949415409856 4794.33748246073
985 408.992483680326 4794.30635816907
986 409.154070266102 4794.20144529757
987 409.232614573976 4794.14752097261
988 409.23421608256 4794.06719211372
989 409.253883401169 4794.07570367259
990 409.281618209914 4794.06866783024
991 409.26201880728 4794.04704840481
992 409.301155639884 4794.13416285221
993 409.229333031038 4794.09635923229
994 409.259797441429 4794.15382145382
995 409.455709826025 4794.08522236868
996 409.528795028716 4794.03537323424
997 410.152090637393 4794.62444163469
998 410.142835932919 4794.48938619046
999 410.178445969539 4794.33596395467
1000 410.14713852745 4794.17143285182
1001 410.13791344397 4794.01416213737
1002 410.098384553271 4794.00069097286
1003 409.991168626949 4794.0528753378
1004 410.055322940548 4794.17953751835
1005 410.137076833121 4794.25087371553
1006 410.136467849344 4794.32119218306
1007 410.128512656465 4794.48602175181
1008 410.094766511085 4794.57799516415
1009 419.533898121242 4806.8821656705
1010 419.472576685076 4806.79881470235
1011 419.577497090344 4806.61995805472
1012 419.572565764937 4806.62745869916
1013 419.562581393108 4806.63224273601
1014 419.573620190772 4806.47127755037
1015 419.420890571236 4806.41023162388
1016 419.418890593079 4806.47334496541
1017 419.309405521286 4806.44632917266
1018 419.4213591332 4806.49697405031
1019 419.484451356962 4806.43657502363
1020 419.570541218876 4806.45754118927
1021 419.562024258288 4806.66023976733
1022 419.46954701049 4806.83672676
1023 419.574743722891 4806.92577483536
1024 419.592012570723 4806.93434385352
1025 420.288441178089 4807.12312608415
1026 420.415252943014 4807.08952950718
1027 420.554655653638 4806.96293039478
1028 420.551295814132 4806.97329969879
1029 420.379934831003 4807.14326098005
1030 420.30105837955 4807.12875286008
1031 421.616682906335 4806.78601514242
1032 421.653881086345 4806.72582645221
1033 421.672701936861 4806.54733726873
1034 421.649150723523 4806.47874588281
1035 421.646143274847 4806.47778114169
1036 421.629589003014 4806.42599156775
1037 421.62821305672 4806.47487926849
1038 421.714935641957 4806.66980414909
1039 421.556211770316 4806.82936937846
1040 421.536659843754 4806.7147479829
1041 421.560322466554 4806.79288992454
1042 421.54792612992 4806.79925403943
1043 422.085050190019 4771.32476940788
1044 421.884032249392 4771.4135872504
1045 421.734261742247 4771.51326305401
1046 421.834976776088 4771.40182058411
1047 421.885406690127 4771.26341072212
1048 422.009639718266 4771.1579215961
1049 422.090999601087 4771.11145559043
1050 422.218218664613 4771.08890227404
1051 422.269597468537 4771.22592714694
1052 422.187201618062 4771.31716226417
1053 422.179746924973 4771.34157061296
1054 422.575558277534 4771.19501655152
1055 422.447083566241 4771.06397402348
1056 422.391709205648 4770.87601431453
1057 422.40177571629 4770.72318498297
1058 422.262478945031 4770.62225640595
1059 422.256735225442 4770.46816305239
1060 422.177051007141 4770.26959746338
1061 422.280292296835 4770.32773036764
1062 422.301460864961 4770.51385708733
1063 422.360342756337 4770.68767089164
1064 422.413760104503 4770.83933420935
1065 422.457841419401 4771.00776378095
1066 422.485130907689 4771.07398200172
1067 420.581308686663 4769.47397030228
1068 420.581488924093 4769.56648607945
1069 420.604340205131 4769.74614711408
1070 420.655308958119 4769.85828659395
1071 420.658571569589 4769.86580116613
1072 420.507013498207 4769.771491764
1073 420.57025535466 4769.60871069984
1074 420.605392296452 4769.47246855235
1075 420.671807817769 4769.38617608233
1076 414.348418030932 4784.92514622646
1077 414.341751449938 4784.96343876843
1078 414.366127535772 4785.02177721964
1079 414.441633469689 4785.15999853321
1080 414.499080842077 4785.30300174448
1081 414.582266437237 4785.33527699075
1082 414.672072735398 4785.22852001983
1083 414.665636055125 4785.07821046281
1084 414.543632637741 4785.00854685247
1085 414.434161047864 4784.86975234551
1087 412.798462505652 4786.86562706131
1088 412.690818748395 4786.92654468737
1089 412.598431518595 4786.87275207122
1090 412.417557016173 4786.88530063524
1091 412.39071483402 4786.73736503692
1092 412.345282520065 4786.53990894762
1093 412.381161147797 4786.33040776676
1094 412.33587368211 4786.40874272686
1095 412.342101032399 4786.61436855507
1096 412.31938196209 4786.76716431474
1097 412.382919496557 4786.94528222751
1098 412.302141317516 4787.11770971708
1099 412.273396744093 4787.19361031446
1100 412.294175018228 4786.98508086018
1101 412.355510185759 4786.84156091234
1102 412.363464537739 4786.61453719002
1103 412.529775197973 4786.56163348878
1104 412.719813179136 4786.52197984709
1105 412.758887085491 4786.47815972739
1106 413.417836404707 4786.88491613443
1107 413.258686178474 4786.93870635645
1108 413.174617653099 4786.95710777603
1109 413.280246567783 4787.08160301466
1110 413.282490600551 4787.24462828469
1111 413.298834012767 4787.44334989327
1112 413.167239507439 4787.49801272343
1113 413.198810379017 4787.3884250943
1114 413.246104771038 4787.31440203141
1115 413.175858864247 4787.20667111302
1116 413.21369718173 4787.26327859166
1117 413.100378036472 4787.19141995489
1118 413.153124363971 4787.02291515549
1119 413.02794597076 4786.96398258504
1120 412.912376462896 4786.83750819103
1121 412.903170301409 4786.84162483654
1122 412.974727499263 4786.30300719518
1123 413.044155062604 4786.35221168503
1124 413.068812187266 4786.52083680308
1125 413.163626480436 4786.66912714981
1126 413.384814176871 4786.74105457469
1128 447.114219608478 4813.17938273119
1129 446.985958537636 4813.33743650962
1130 446.950055133095 4813.49287669102
1131 446.940168178682 4813.44941717161
1132 446.840720691862 4813.47541304114
1133 446.975823520403 4813.45768837101
1134 446.925326814057 4813.48551909926
1135 446.916721664394 4813.56366547629
1136 446.923401557417 4813.50808042604
1137 446.932173588197 4813.60508195175
1138 446.923592793446 4813.59393202076
1139 447.004498117231 4813.73012677678
1140 446.997100062072 4813.75617416514
1141 447.015637882939 4813.73759153644
1142 447.066076725274 4813.83637579293
1143 447.138339878332 4813.87179319092
1144 447.151770830786 4813.83114912592
1145 447.194704897942 4813.95309469419
1146 447.074352155535 4814.01456982137
1147 446.975141161856 4813.99769095588
1148 446.979598889101 4813.91668956633
1149 446.945601674025 4813.85165117111
1150 446.961035658864 4813.86008159518
1151 446.884688452825 4813.74795246858
1152 446.887348860548 4813.59299602734
1153 446.907722826945 4813.45844696493
1154 446.936404353744 4813.45422260919
1155 443.246304688403 4805.85512803602
1156 443.258595196156 4805.78549837073
1157 443.279111713304 4805.93348599247
1158 443.306602220177 4805.8706147252
1159 443.348096322658 4805.91313730287
1160 443.28763570804 4806.05169807493
1161 443.211865160901 4806.07377046106
1162 443.171267101794 4806.14730362328
1163 443.105091653764 4806.27003205696
1164 443.134219621684 4806.28655738127
1165 443.10624202605 4806.32966405498
1166 443.063865501037 4806.16320229691
1167 443.043957280668 4806.04941796087
1168 443.254616775588 4806.0347605292
1169 443.328661009555 4805.91307828597
1170 443.1758497061 4805.75853921581
1172 430.836330123721 4830.07496940413
1173 430.773969927303 4830.09205217757
1174 430.769561247823 4830.16518368257
1175 430.778116395065 4830.20441509361
1176 430.764108872085 4830.2544315571
1177 430.708965571924 4830.1187151516
1178 430.780613933362 4830.11031056113
1179 430.79213867744 4830.06987206262
1180 430.771313757561 4830.05364840802
1181 430.727893049902 4830.05287536537
1182 430.741957681279 4829.99275062466
1183 430.797785970622 4829.94474570856
1184 430.782018338062 4830.02754676887
1185 430.793365783458 4830.03242783531
1186 430.824078261193 4829.95902476454
1187 430.847279853844 4829.93968075308
1188 430.785814339758 4830.04350204783
1189 430.83083321212 4829.9098608441
1190 430.903010974583 4829.98386816809
1191 430.883897642422 4829.9692926085
1192 430.885110058623 4829.95384098241
1193 430.846659862117 4829.99688965545
1194 430.877602425134 4830.01611920123
1195 430.902739485645 4830.02796687318
1197 431.43176482364 4830.13860324701
1198 431.504203365569 4830.1443045427
1199 431.585575732976 4830.10826317148
1200 431.651051081047 4829.99296807851
1201 431.658421622034 4829.96401404063
1202 431.632312632731 4829.80933420553
1203 431.627711208312 4829.80915900869
1204 431.603797982861 4829.82228745851
1205 431.555354812862 4829.90664186611
1206 431.535826278302 4829.85130508654
1207 431.496822003765 4829.82482415151
1208 431.530191436534 4829.72629497274
1209 431.493713124901 4829.78120441681
1210 431.489210024016 4829.71171903555
1211 431.508822749373 4829.63310134128
1212 431.572082922112 4829.58502713248
1213 431.474661221107 4829.7015380461
1214 431.436477436662 4829.73169606298
1215 431.416286389338 4829.84830675231
1216 431.393349199894 4829.93306781279
1217 431.376946786717 4830.00187865964
1218 431.412541624151 4830.0973698996
1219 431.521880974301 4830.13701520378
1220 431.669520874976 4830.30067284638
1222 436.737839587087 4822.2391889824
1223 436.722162134305 4822.17002933811
1224 436.699597505747 4822.13303369044
1225 436.675158214384 4822.02574885198
1226 436.692797077436 4822.14864749785
1227 436.682445542388 4822.11320285236
1228 436.679483610465 4822.13322326838
1229 436.656351215208 4822.08745862888
1230 436.591879759189 4821.95867101934
1231 436.566528219564 4821.96035426909
1232 436.631803010821 4821.82312284047
1233 436.664652210308 4821.75972565816
1234 436.639562805284 4821.65222496594
1235 436.767439578623 4821.67623288004
1236 436.745098446303 4821.66311488001
1237 436.810278185154 4821.62673718055
1238 436.812796110834 4821.60238932457
1239 436.916123550022 4821.65339870388
1240 436.856361731426 4821.72471127197
1241 436.800885766347 4821.77054920948
1242 436.836682373958 4821.88294790064
1243 436.850365164978 4821.80873602841
1244 436.896784399549 4821.87383071899
1245 436.878879205112 4821.89421355195
1246 436.90755978733 4821.97169263876
1247 436.865197845505 4822.15768752955
1248 436.816028280203 4822.22945640836
1249 436.713362203508 4822.31639068282
1250 436.734056647398 4822.240668515
1251 444.446435091068 4829.23247094715
1252 444.414710641498 4829.27016400588
1253 444.439080410853 4829.34793188943
1254 444.428051228762 4829.41921813469
1255 444.477183071892 4829.47623323017
1256 444.562239751049 4829.58404282231
1257 444.609066537377 4829.69439072666
1258 444.657446109254 4829.85615077008
1259 444.535124064088 4829.97367290242
1260 444.487339433734 4829.88399213587
1261 444.489659299719 4829.79389644922
1262 444.450089471937 4829.74146687452
1263 444.486250132453 4829.62587824379
1264 444.514326648015 4829.58632752109
1265 444.505208777142 4829.50843304755
1266 444.45832109079 4829.50793293742
1267 444.435633719199 4829.35073717269
1268 444.43459636759 4829.34241564912
1269 402.769666496557 4833.64828226832
1270 402.946816183219 4833.76612789823
1271 403.050265750911 4833.91381640325
1272 403.202402060244 4833.8310773443
1273 403.234267180655 4833.75885539379
1274 403.22964910861 4833.53986182212
1275 403.270025353079 4833.43130327446
1276 403.342679664721 4833.31228119294
1277 403.239099247651 4833.18358570457
1278 403.149162802849 4833.0001514396
1279 403.138353985778 4832.84967618299
1280 403.093388386259 4832.60227350316
1281 403.099226737161 4832.44267062033
1282 403.085239065282 4832.21759228655
1283 403.074673258547 4832.07289015591
1284 403.033094260372 4831.85920883537
1285 403.000536312073 4831.68916464449
1286 402.916223796197 4831.50020853398
1287 402.899434796493 4831.65563787173
1288 402.801988098394 4831.86844659827
1289 402.733041850481 4831.98775347368
1290 402.577299874681 4832.15797852185
1291 402.44607300355 4832.26597564061
1292 402.391425642766 4832.44673060373
1293 402.419746088298 4832.69048390986
1294 402.459416528361 4832.87175296201
1295 402.499701367526 4833.05656802935
1296 402.551800641317 4833.22743671044
1297 402.587071324191 4833.41165875402
1298 402.606087375985 4833.49891752812
1299 422.926820909766 4834.27687901465
1300 422.860689460999 4834.36061527524
1301 422.869008715665 4834.33374990712
1302 422.809000792719 4834.35399135794
1303 422.728618652954 4834.37669013572
1304 422.691010605898 4834.38823220197
1305 422.685522420944 4834.38785130476
1306 422.700928090412 4834.37412196301
1307 422.692642108641 4834.37588383767
1308 422.699675360549 4834.38435549175
1309 422.701256338282 4834.395555976
1310 422.724786565011 4834.37306885788
1311 422.698381183756 4834.37703937954
1312 422.721719934531 4834.37288211966
1313 422.86711061266 4834.32999518061
1314 422.868789806878 4834.31475832648
1315 423.031437565049 4834.13838426962
1316 423.031796993433 4834.14859917668
1317 423.026095959097 4834.15777302646
1318 423.019211942672 4834.18328874204
1319 423.019430455232 4834.13918884136
1320 423.032064449099 4834.15081763119
1322 409.958596965817 4774.71025183286
1323 409.902327468415 4774.63902088102
1324 409.902225237265 4774.45886443289
1325 409.958777247846 4774.3233879019
1326 409.914405841742 4774.21679010143
1327 409.744172366121 4774.17949965974
1328 409.628970671392 4774.11349391207
1329 409.507811714584 4774.00958265367
1330 409.556552999498 4774.04014715175
1331 409.720042177206 4774.12084015482
1332 409.842620605091 4774.14787490949
1333 410.018770708511 4774.16487476902
1334 410.007558630082 4774.2093401605
1335 409.956959746475 4774.35828829861
1336 409.898289859419 4774.5366664026
1337 409.938224714615 4774.70174625763
1339 409.143247412151 4774.8332505783
1340 409.098124225191 4774.77476183867
1341 409.056225586839 4774.683575258
1342 409.028479696435 4774.52500164
1343 408.933543286571 4774.39853630582
1344 408.850385340706 4774.39864773895
1345 408.947069024266 4774.53397437378
1346 408.959032905014 4774.72918999576
1347 408.975093626152 4774.84126921582
1348 409.038545221288 4774.92572556732
1349 409.041664891089 4774.94001221591
1350 411.386739359477 4775.26333388383
1351 411.261458391608 4775.12034923825
1352 411.220552699622 4774.97804465845
1353 411.22589624226 4774.8198101824
1354 411.318920498288 4774.68420393941
1355 411.346699004417 4774.53656288925
1356 411.430135672046 4774.40152733836
1357 411.392934785615 4774.58816513906
1358 411.481277926722 4774.78716708082
1359 411.584458632701 4774.95121251874
1360 411.428450595099 4774.9921122692
1361 411.383379614649 4775.04867764615
1362 411.490600533246 4775.22322089725
1363 411.529080496316 4775.25437657674
1364 433.358260763382 4805.28408158934
1365 433.403098621986 4805.33028759946
1366 433.394675051239 4805.50263642317
1367 433.292157769523 4805.53663550744
1368 433.167527156499 4805.67648034281
1369 433.085299849471 4805.7962482486
1370 433.003857016525 4805.87235982845
1371 433.135532216062 4805.75765437868
1372 433.284280930864 4805.81316062788
1373 433.249332651414 4805.68577826554
1374 433.32651034974 4805.54629229712
1375 433.400866063235 4805.31742578624
1377 432.42105453402 4805.42212332396
1378 432.412744598617 4805.5790343503
1379 432.467676900342 4805.76763335029
1380 432.390894615265 4805.96077147893
1381 432.389484806176 4806.16770527277
1382 432.466576389009 4806.20003190417
1383 432.608671964204 4806.21405036933
1384 432.639832338137 4806.326029071
1385 432.727683878178 4806.42267067191
1386 432.750123051013 4806.42355776704
1387 432.64609822455 4806.30475257176
1388 432.571259162554 4806.15722395552
1389 432.553034566112 4805.94604372447
1390 432.574631391185 4805.8299841863
1391 432.526482370273 4805.62287931578
1392 432.406029772238 4805.51501539016
1393 432.421659493915 4805.44210948639
1394 431.413296724447 4805.56356677757
1395 431.440267241071 4805.73922498925
1396 431.380410452655 4805.90565803285
1397 431.281294681748 4806.01773449868
1398 431.338715212702 4806.20929856509
1399 431.376388636764 4806.2270196493
1400 431.363585929275 4806.16250800747
1401 431.312613882656 4805.98387313953
1402 431.355996544483 4805.84615145171
1403 431.436148526683 4805.69250707232
1404 431.354563621513 4805.61758746172
1405 431.353081234603 4805.55940275724
1406 433.261250529907 4783.17843604314
1407 433.192660418691 4783.31782806
1408 433.286298145833 4783.38765622518
1409 433.374219979773 4783.2640688724
1410 433.373575825702 4783.27296027033
1411 433.431905653803 4783.28027449213
1412 433.525301971406 4783.35055252069
1413 433.485840067063 4783.27019522994
1414 433.373614984444 4783.15256697845
1415 433.403994650015 4783.06863853903
1416 433.325884567259 4783.15736629092
1417 433.33060556598 4783.15820851131
1418 434.101043444241 4783.41680622966
1419 434.053450695631 4783.54454630082
1420 434.037498887598 4783.55014314746
1421 434.128976381576 4783.52404489517
1422 434.097592830676 4783.53023537424
1423 434.098713557488 4783.53688831422
1424 434.095011461498 4783.38965417093
1425 434.162980860923 4783.49483906872
1426 434.226180405536 4783.66148879763
1427 434.137066891856 4783.4450004702
1428 434.209023301746 4783.44174937531
1429 434.35735496835 4783.45530926482
1430 434.244357575362 4783.32312515033
1431 434.140547427843 4783.30102867082
1432 433.992852034549 4783.31156801047
1433 433.903181832828 4783.41517273389
1434 434.047832194731 4783.50139713772
1435 434.037574620833 4783.44907472344
1436 431.876485228585 4782.34785950565
1437 431.912700223091 4782.40991480851
1438 432.080216345804 4782.29917523354
1439 432.246919548595 4782.24497947838
1440 432.369728990397 4782.18133947658
1441 432.371689295828 4782.34580538852
1442 432.241257999003 4782.39452774617
1443 432.071785359139 4782.43142542552
1444 432.133252283376 4782.35317818951
1445 432.281055453911 4782.31072248659
1446 432.301160025445 4782.10983014445
1447 432.113739655824 4782.19755035484
1448 431.919395086333 4782.27501620201
1450 446.109200277243 4770.16325787549
1451 446.229579029365 4770.21250669196
1452 446.315414872727 4770.36198069847
1453 446.268453789471 4770.51816356816
1454 446.265910094585 4770.72241808843
1455 446.236050157715 4770.89978976202
1456 446.226671317598 4771.06278490668
1457 446.271491058625 4771.19359082074
1458 446.386956746747 4771.28297258356
1459 446.460449891617 4771.25141066421
1460 446.314650850632 4771.14460805041
1461 446.243123729856 4770.98147232199
1462 446.235101887563 4770.81039600933
1463 446.209706790545 4770.70720162478
1464 446.106223155706 4770.55953405521
1465 446.162581923887 4770.37751057159
1466 446.119913244751 4770.22103419676
1467 446.072694514106 4770.21019019611
