#TrapID X Y
1 444.696940975988 4795.74533765034
2 444.549812425623 4795.67435008531
3 444.615299368808 4795.47079246188
4 444.53974144661 4795.23673616382
5 444.662330577757 4795.24139779442
6 444.792415709603 4795.1905805326
7 444.707783342686 4794.96725843619
8 444.662654967481 4794.70518712252
9 444.601454519598 4794.50166619349
10 444.527204335506 4794.67630800783
11 444.639603111066 4794.84220396345
12 444.680210745803 4795.10686652542
13 444.684328482765 4795.27342616281
14 444.506713780014 4795.28409703408
15 444.517450147107 4795.52545844251
16 444.782616890559 4795.62024892833
17 444.7978098886 4795.6733238935
18 445.84629241408 4796.06068463652
19 445.872008566218 4795.89943917759
20 445.808915279741 4795.73734899524
21 445.867285043705 4795.91724684538
22 445.880666905496 4796.0289793112
23 445.698474204742 4795.92148584212
24 445.506392345173 4795.78508955795
25 445.48822120657 4795.60309404183
26 445.430879313815 4795.38120961373
27 445.471438446866 4795.20074047714
28 445.621884082346 4795.2100820198
29 445.743613601059 4795.38091870661
30 445.887584640067 4795.61588464456
31 445.970403624063 4795.81091458184
32 445.963048777643 4795.89538032783
33 443.615525750993 4795.57633174153
34 443.658446731013 4795.60773847149
35 443.715676402151 4795.58482803742
36 443.68948919204 4795.55661368797
37 443.646438185531 4795.52909503113
38 443.642404999198 4795.42450768997
39 443.671994987408 4795.4327023147
40 443.67171988161 4795.45813791714
41 443.882549488852 4781.92113166666
42 443.711215315656 4781.93754036048
43 443.674631003791 4781.9357330425
44 443.613505488446 4782.07128856811
45 443.514458865449 4782.20016272776
46 443.472409832583 4782.36199361551
47 443.554472735397 4782.1649576585
48 443.580649583876 4781.98004744218
49 443.576497799433 4781.98896668995
50 444.963463354881 4781.88164805542
51 444.80904561276 4782.04027084669
52 444.826066197959 4782.10488063411
53 444.902318186914 4782.25874674193
54 444.889957426549 4782.25762522312
55 444.914122637923 4782.38181647267
56 444.915115924304 4782.46432588884
57 444.89292671827 4782.26304309676
58 444.978825511526 4782.13318517327
59 445.064731467661 4781.88305069162
61 445.98240799536 4781.97876494541
62 446.050462987252 4782.18834936641
63 445.914721305486 4782.34746507212
64 445.900600815795 4782.46219083829
65 445.868023988622 4782.65713751476
66 445.685117029263 4782.68769345459
67 445.727658920108 4782.66280964412
68 445.793162751074 4782.45016335891
69 445.862563410812 4782.27735720625
70 445.897368792124 4782.02519728201
71 445.877533737406 4782.00392058778
72 455.379929052333 4796.18740389491
73 455.337672483373 4796.0017686736
74 455.244374964759 4795.81169527008
75 455.101604308009 4795.56075708077
76 455.234637677787 4795.41816460284
77 455.283962386921 4795.32221658858
78 455.280281265125 4795.34200947749
80 455.88885939072 4795.92596752006
81 456.049276529828 4795.80287030751
82 456.271950385174 4795.78787973768
83 456.392903355219 4795.57975220232
84 456.437882595845 4795.32280486493
85 456.416876440248 4795.05795273576
86 456.429785677564 4794.77000438495
87 456.219265263074 4794.81334188104
88 456.134078477056 4795.06022225394
89 456.266733154798 4795.2812609233
90 456.254445963973 4795.36285775832
91 456.40509645813 4795.14309986931
92 456.447661188003 4795.40570322669
93 456.34870742093 4795.73118858747
94 456.156560015216 4795.87702898301
95 455.955177210664 4795.98561905947
96 456.004616345206 4796.26838826932
98 448.899140348671 4815.88679568803
99 449.077591604969 4815.65165207675
100 448.926432275023 4815.51951982527
101 448.801588045324 4815.57344611879
102 448.833118000486 4815.54077548131
103 448.696823888059 4815.55636240233
104 448.57370647356 4815.4655624696
105 448.394883667305 4815.42916904429
106 448.374595079832 4815.41966198419
107 448.325973678012 4815.40615196686
108 448.250865126833 4815.34475482534
109 448.220409086712 4815.24347582855
110 448.267944153459 4815.09439467135
111 448.471383136802 4814.88025665802
112 448.517084208317 4814.74407500721
113 448.480172976728 4814.85586623395
114 448.247877216873 4815.11387417072
115 448.268531011619 4815.3601681061
116 448.489812715604 4815.49208202843
117 448.650204976079 4815.57193375715
118 448.817963620247 4815.51512369702
119 448.931607349579 4815.59411599247
120 449.023099931629 4815.6847175622
121 448.886251318738 4815.90377539806
123 457.255683079256 4796.20506840893
124 457.32623083823 4796.01182477883
125 457.307439583436 4795.77094490617
126 457.281033664497 4795.50590230412
127 457.198144642236 4795.24832432242
128 456.932644776807 4795.20191851227
129 457.202426289314 4795.34836146948
130 457.335186472718 4795.56686558852
131 457.067597028637 4795.59809813354
132 457.186376672835 4795.83723399337
133 457.363082728634 4796.00459594426
134 457.39240107501 4796.20487318684
135 457.418548059115 4796.24924345064
136 447.955257916158 4815.32781964302
137 448.016371882283 4815.22061411552
138 447.793739496983 4815.10460826435
139 447.754837188791 4814.98929155198
140 447.68132947821 4814.90623057552
141 447.779876013663 4814.78729250615
142 447.889526614808 4815.06810323889
143 448.06596152875 4815.25455037907
144 448.090271076143 4815.28201801172
145 405.22047757835 4831.82345101986
146 405.202767282595 4832.02576361366
147 405.260809272948 4831.72579291568
148 405.198178699384 4832.00938812644
149 405.338171345942 4832.26701116125
150 405.300639750347 4832.33430338803
151 405.400445950061 4832.41487261922
152 405.404940024567 4832.67585672573
153 405.578959120911 4832.84802441416
154 405.536061317528 4832.87795576105
155 405.390474839129 4832.90245058675
156 405.411240962622 4832.68787587155
157 405.403542513523 4832.35995334682
159 420.95551312423 4829.40971137096
160 420.854835591859 4829.24239643002
161 420.75543165017 4829.47672076712
162 420.514614293406 4829.51100732891
163 420.560207093843 4829.50380213005
164 420.443657329693 4829.56383320777
165 420.421532108658 4829.59675246861
166 420.654108547161 4829.47336547651
167 420.94442226834 4829.43416794835
168 420.986588567167 4829.43744728632
169 420.76744696075 4829.03216135414
170 420.58546817982 4828.90446645483
171 420.385168094679 4828.79098958313
172 420.515054457623 4828.83354557597
173 420.736376065727 4829.01186847796
174 420.783271001137 4829.03941644433
175 418.907834740682 4816.63652889546
176 418.75602342194 4816.82752110715
177 418.768092055579 4816.98998944027
178 418.828405552999 4817.30460397174
179 418.804430683101 4817.55559012145
180 418.753232074358 4817.57386926577
181 418.831607408966 4817.29523502204
182 418.806396567487 4817.0150743702
183 418.796779335121 4816.8814559395
184 418.805487591139 4816.79904416796
185 420.749420026573 4816.78319815301
186 420.764303162415 4816.77680271042
187 420.592560138807 4816.64631561828
188 420.30372428027 4816.74103361674
189 420.280465958323 4816.70931967782
190 420.378778493286 4816.64695359638
191 421.308413583553 4817.59480975307
192 421.454483674054 4817.52390337537
193 421.377036582091 4817.36519449802
194 421.296778235426 4817.3120398286
195 417.334891480656 4812.50033991643
196 417.393581503653 4812.61502698271
197 417.565918616587 4812.66156699295
198 417.460038572526 4812.62420923443
199 417.391680047504 4812.61171804727
200 416.279451605996 4812.71086408403
201 416.461714309995 4812.65039814554
202 416.594757330197 4812.64630616193
203 416.465826553788 4812.60358442598
204 408.593960531706 4804.62062351681
205 408.270397449376 4804.59557439594
206 408.155940997173 4804.5604741164
207 408.192439762142 4804.75447491285
208 408.152985724215 4804.9567284477
209 407.952699506914 4805.13184801609
210 407.916877423551 4805.14233336999
211 408.187357879184 4805.18508123294
212 408.309263125721 4804.9880393452
213 408.373252729327 4804.70714424265
214 408.39958364404 4804.74921872845
215 408.709193219776 4805.97765440143
216 408.626793964405 4805.75994603925
217 408.793671479942 4805.63017274863
218 409.026764859772 4805.59314965322
219 409.10564907104 4805.33394349732
220 409.243823857988 4805.19457140793
221 409.386940047076 4805.21175486968
222 409.324140330701 4805.48140475558
223 409.253964241845 4805.73815856836
224 409.092138099683 4805.70212477607
225 408.786551324406 4805.66670236767
226 408.669943212049 4805.84822436557
227 408.614157944319 4805.98727091271
228 400.684992353656 4812.04459323395
229 400.627140948786 4812.32504138578
230 400.749426195041 4812.56228912721
231 400.827349061041 4812.83162821347
232 400.941721047049 4813.10954084446
233 400.943480108271 4813.12462223443
234 400.924875562513 4812.14547977864
236 400.90071702629 4812.14250253957
237 401.02277395333 4813.04214417691
238 401.264616796376 4812.87097168484
239 401.503285197462 4812.80838222317
240 401.329679563305 4812.61741685628
241 401.180450682538 4812.48919303471
242 401.08476383153 4812.39262226641
243 420.066382697848 4781.36416246078
244 420.161161450705 4781.51699015371
245 420.154249446252 4781.59981709
246 420.288617329742 4781.58724570268
247 420.185602654078 4781.72973222087
248 420.146353422987 4781.64033859981
249 421.330408177079 4781.36675640488
250 421.405272166625 4781.57825263673
251 421.326355856295 4781.82462452195
252 421.36969277271 4781.84722557728
253 421.377150128626 4781.66265584124
254 421.263781463004 4781.6356446664
255 421.094162785525 4781.44701741846
256 421.04277515785 4781.34032205917
257 422.01141777136 4782.71038633357
258 422.16552277682 4782.64186928917
259 422.196033695306 4782.46036896836
260 422.178965189438 4782.20444249051
261 422.272795534763 4782.21547600078
262 422.177744214952 4782.26110089645
263 422.263043338726 4782.49992027709
264 422.489072882362 4782.67349362936
265 422.221512083132 4782.6772146563
266 422.174169061639 4782.67309140727
267 416.003037349222 4790.91755136684
268 415.956442115891 4790.70098342498
269 415.817299335943 4790.60163340007
270 415.789330187269 4790.52600749247
271 415.73795538975 4790.65082353604
272 415.887560796029 4790.84767421448
274 444.745824854371 4807.61982795947
275 444.852328788347 4807.66493733048
276 444.994348580358 4807.54838231967
277 445.166061861404 4807.59829646575
278 445.203472318831 4807.49958966218
279 445.056355341288 4807.36850839238
280 445.195970380209 4807.32350275866
281 445.14245937277 4807.28417655212
282 445.128551427783 4807.23653201821
283 445.059879264556 4807.05550076935
284 444.926930698706 4807.07468781573
285 444.874177126125 4807.29702488433
286 445.149729587124 4807.39173867029
287 445.151504379672 4807.52044768007
288 444.978314647156 4807.51808142461
289 444.709092379335 4807.55337915542
290 444.70453448858 4807.56030249408
291 443.77633187137 4805.72130347887
292 443.851507618535 4805.8607299749
293 443.831435559637 4805.89121749172
294 443.808775526656 4805.90262354667
295 443.783367482023 4805.85629910618
296 443.682238694624 4805.79972164182
297 432.520283144082 4830.37824234556
298 432.542694213224 4830.48842253289
299 432.59138530268 4830.59633901617
300 432.524414021844 4830.4118556496
301 432.503283037505 4830.38874331583
302 432.517530088586 4830.30518450216
303 432.563634511855 4830.26817751461
304 432.576457043548 4830.27549030854
305 432.560085499756 4830.2282272206
306 432.642292937001 4830.27482811131
307 432.644183510017 4830.27025514299
308 434.956670384809 4822.49533463144
309 435.128484893957 4822.36894133151
310 435.090741684212 4822.28355994711
311 435.087811840875 4822.19773117542
312 435.075615149699 4822.20629037094
313 435.089947561281 4822.16794378796
314 435.165962352092 4822.0251512304
315 435.191274969802 4821.95248940106
316 435.795044934315 4821.44076935486
317 435.90922175639 4821.50154496014
318 435.996524637823 4821.51481853333
319 436.013076421809 4821.55608980869
320 435.975997995041 4821.70927477271
321 435.940001589689 4821.8232421213
322 435.91465097473 4821.8165975931
323 435.824739466997 4822.02882149062
324 435.712919749 4822.27257809696
325 435.678787177206 4822.27668123979
326 426.751762514276 4821.64035092611
327 426.68814387725 4821.54852116766
328 426.660058214366 4821.4551932885
329 426.622833864348 4821.37596049878
330 426.510768544741 4821.24323143755
331 426.594186894926 4821.4384742166
332 426.667137857044 4821.50421020679
333 427.822445834724 4822.78158457258
334 427.86332415092 4822.50357493725
335 427.741462434696 4822.31228498809
336 427.706298562227 4822.25024057062
337 427.654117938414 4822.15350279091
338 427.70094398917 4822.1880975565
339 427.943474269954 4822.41430083613
340 427.918657213716 4822.6838070119
341 427.895782695653 4822.76535770122
342 442.176123243118 4829.22923810336
343 442.158843125225 4829.45241374517
344 442.060110563876 4829.67162838998
345 442.114848387143 4829.74957010292
346 442.15021321538 4829.79880151188
347 442.094921629403 4829.52593810407
348 442.147860335064 4829.3018989812
349 442.18258621626 4829.27683093304
350 443.340766057453 4829.42998834629
351 443.422627990431 4829.60634017249
352 443.445737635622 4829.60048060308
353 443.372483508278 4829.71694385303
354 443.318862209804 4829.50214606416
355 443.219587232459 4829.30928266818
357 404.032993672232 4833.77179386315
358 404.055857347453 4833.4479867074
359 403.999762718053 4833.17007892874
360 403.912610738967 4832.90939110833
361 403.95242474626 4832.61999919705
362 404.045305919848 4832.37405880378
363 403.955205406511 4832.53264664971
364 403.914484898149 4832.79827933165
365 403.946692115331 4833.06386545029
366 404.040623678509 4833.3756666297
367 404.052115003241 4833.56956726244
368 404.026419174929 4833.65080550893
369 428.585504521329 4820.87387055566
370 428.563088082009 4820.84789582479
371 428.598335516928 4820.9711443673
372 428.67307312236 4821.11529961057
373 428.773383832757 4821.11112552853
374 428.705332412629 4821.14761242276
375 428.689075064834 4821.42013360494
376 428.70292148617 4821.30113955425
377 428.617483296963 4821.05457817005
379 423.295883378651 4833.06912623109
380 423.521469441683 4833.22282935485
381 423.797149350995 4833.23634675601
382 424.10579603273 4833.2409487752
383 424.332510237301 4833.21127963562
384 424.611180225053 4833.35442212935
385 424.863614619695 4833.43911139335
386 424.585740423354 4833.322829955
387 424.336049574269 4833.18902445855
388 424.053097187805 4833.20278096798
389 423.758915188019 4833.20779126741
390 423.451112834029 4833.17142774783
391 423.388726613009 4833.11882487363
392 423.413369262642 4832.12818831836
393 423.441699572699 4832.2564903836
394 423.600133582274 4832.11505831214
395 423.845270696102 4832.21956519894
396 423.701992822628 4832.14799723321
397 423.391172968108 4832.09189821055
398 423.354167268774 4832.06566343065
399 421.113143174118 4830.07586824646
400 421.047788256656 4829.91913140431
401 421.042853829108 4829.98661303065
402 417.108787241769 4789.99349984696
403 417.06009016577 4789.84159440297
404 417.138658949299 4789.6542574944
405 417.148677246372 4789.51729580817
406 417.052601719132 4789.36174832167
407 416.939462592641 4789.35135850871
408 416.938428068655 4789.47910278953
409 416.963296311902 4789.72004467465
410 417.1064597691 4789.89600794343
411 417.102881162888 4789.92204227278
412 418.31925817737 4790.93847057534
413 418.298468815105 4790.78933089538
414 418.323713040929 4790.81635028668
415 418.319496897421 4790.90436900722
416 433.419992692387 4793.37537375726
417 433.273111651567 4793.59461745375
418 433.509731015245 4793.55797284091
419 433.67998151619 4793.63671610008
420 433.431154262593 4793.58662155681
421 433.336265278845 4793.5486812969
422 433.397190162401 4793.49876929561
423 432.705376517149 4794.34714762984
424 432.45317979077 4794.22581850354
425 432.254453495373 4794.10640728897
426 432.369913489858 4793.92155111107
427 432.588961735149 4793.85717186692
428 432.406113049911 4793.923300209
429 432.246884211584 4794.10392844752
430 432.530829826965 4794.26003066562
431 432.602702686871 4794.26808962931
432 431.663569253036 4795.33095866949
433 431.625650017352 4795.03757090608
434 431.548183730523 4794.84454250587
435 431.522546473939 4794.61933705474
436 431.476001645098 4794.66912104979
437 431.436781574024 4794.92963512365
438 431.638651700465 4795.120295149
439 431.631968010323 4795.19744261541
440 432.468558640955 4769.74579089887
441 432.593900001972 4769.98122444809
442 432.359194475471 4770.11315427787
443 432.441647364622 4770.0951234149
444 432.698468499074 4770.0261724104
445 432.585361905319 4769.89978962424
446 432.47103654555 4769.71644616725
448 433.45388172099 4770.03465016851
449 433.553781059511 4770.22792326761
450 433.552914121402 4770.51524706051
451 433.480562238805 4770.80104596655
452 433.415712701252 4771.06256132708
453 433.211946294233 4771.15973172328
454 433.342932856731 4771.27828658269
455 433.242452194327 4771.02471576117
456 433.407475070284 4770.79387319441
457 433.445141640365 4770.53273392318
458 433.540946523048 4770.34788322069
459 433.468426230598 4770.09026114874
460 433.399462892323 4770.05594919523
461 434.519812433954 4769.89273778621
462 434.706276707909 4770.04921381784
463 434.905717262448 4770.1929101554
464 434.813172221214 4770.3566081845
465 434.88718733363 4770.24739554287
466 434.720195877135 4770.00643339683
467 434.620147541132 4769.95596949302
468 445.240687929861 4770.23413741831
469 445.368179948875 4770.42902162277
470 445.400709480728 4770.65920589917
471 445.587018418928 4770.80042733095
472 445.63176530485 4770.98164995902
473 445.648738629766 4770.79282795162
474 445.426450422438 4770.66155439735
475 445.394946883718 4770.47811704687
476 445.311559369105 4770.36228510152
477 444.512892406814 4770.87026664124
478 444.518446214167 4771.032810283
479 444.542442350241 4770.81049947995
480 444.54058824358 4770.77264380675
481 432.737768881303 4760.0591015191
482 432.576568834147 4760.12376831113
483 432.696927179079 4759.99320009204
484 432.763825620934 4759.94778606478
485 432.753424572627 4759.9928673157
486 432.726006825437 4760.0568847797
487 432.804131309668 4759.97571074902
488 432.802425133415 4759.94307596265
489 432.816566943819 4759.95515379945
490 432.835284524636 4759.81858907335
491 432.739846503234 4759.86383829132
492 432.725845936538 4760.02390164481
493 432.714995327359 4760.03977869403
494 433.89635703009 4758.16303849682
495 433.880145765811 4758.24093612452
496 433.858586922377 4758.17028855053
497 433.905037171905 4758.04834199449
498 433.953244905738 4758.37938810646
499 433.911627303492 4758.51183842453
500 433.772527604965 4758.60680406315
501 433.86943325445 4758.44072348708
502 433.74320374406 4758.6270781551
503 433.762911891691 4758.71717863695
505 434.861817672699 4759.3436774504
506 434.962654971359 4759.33250204883
507 434.842697377709 4759.16794213626
508 434.624332395809 4759.24465382631
509 434.729860815413 4759.32349897811
510 434.771273318705 4759.29689468447
511 444.720630195232 4819.07054317406
512 444.659431160644 4818.84247194609
513 444.578457074124 4818.76528132225
514 444.645659644764 4818.73063038954
515 444.690374751819 4818.53645167391
516 444.71966823326 4818.30463757402
517 444.784627645248 4818.10440682761
518 444.802602272681 4817.93077387811
519 445.031191568985 4817.98909965587
520 445.089701299595 4818.22508152506
521 445.243195407216 4818.46306649663
522 445.051165268472 4818.50450561209
523 444.849667290889 4818.37676290397
524 444.683709043491 4818.34513924888
525 444.591227307799 4818.60835035115
526 444.63108347561 4818.76651377124
527 444.616789604001 4819.02308382793
528 444.665177308214 4819.07910717228
529 444.322325346812 4818.82370797124
530 444.279600938913 4819.1102803022
531 444.013949128817 4819.11059899518
532 443.844872145065 4819.255507175
533 443.80691368366 4819.07489668879
534 443.999101270549 4818.90958102106
535 444.135099939654 4818.7898306465
536 444.065425387756 4818.67267933901
537 444.224780690356 4818.58116970627
538 444.276410013695 4818.61794894171
539 443.22474502264 4817.32993175258
540 443.177872352657 4817.57100876053
541 442.99472483543 4817.7179445977
542 442.814670406085 4817.92350254682
543 442.69917896338 4818.03033212956
544 442.869228553508 4817.85628779618
545 443.041939974593 4817.60414557574
546 443.07328806067 4817.39196511802
547 443.217453877552 4817.32810515986
549 416.461732895832 4825.31278843686
550 416.260058481356 4825.28475567516
551 416.308328340887 4825.32180885727
552 416.158676960505 4825.23692516341
553 416.380774038497 4825.30946472956
554 416.526427685174 4825.43039215852
555 416.538010587379 4825.69938930716
556 416.461384184618 4825.96581874717
557 416.209561856796 4826.0588210237
558 416.093581682674 4826.09537116703
559 416.238029855519 4826.04302571266
560 416.859849741112 4826.21134922879
561 416.706209764446 4826.06318904289
562 416.604760124915 4825.95670392798
563 416.627341279008 4825.86345124356
564 416.541852729491 4825.85896019945
565 416.586487071229 4825.56504897037
566 416.714104073276 4825.54124824059
567 416.741574106588 4825.56190100332
568 416.560603649842 4825.52915946003
569 416.492302767789 4825.21899164845
571 416.56679516361 4825.96861694467
572 416.693730182455 4826.09211311774
574 414.838667187294 4826.18238468099
575 414.74391780478 4826.08439494016
576 414.901120987361 4826.19803180058
577 415.013459767553 4826.40365803467
578 415.022891938156 4826.29412623899
579 415.094904466973 4826.12093180055
580 415.329206296242 4826.11252782588
581 415.328550050262 4826.1053160182
582 415.092635484274 4826.12029404579
584 413.384093233893 4816.44100087233
585 413.294039981469 4816.49347837039
586 413.354832468528 4816.4419329492
587 413.456326948452 4816.36098442178
588 413.539585039478 4816.38990509204
589 413.489178901859 4816.3688928172
590 413.572215251776 4816.49389862791
591 413.449241116427 4816.62110773405
592 413.416939424962 4816.80668939893
593 413.515271108961 4816.56183204884
594 413.554250415897 4816.4676929771
595 412.314112751137 4816.5724895762
596 412.504727931175 4816.63632186164
597 412.479119240511 4816.8309300992
598 412.43844170364 4817.09149277752
599 412.493961585624 4816.80952117901
600 412.485707762283 4816.53548836529
601 412.257111854975 4816.51724930767
602 412.220725569455 4816.56082209884
603 412.136317343551 4816.71043501251
604 412.160736051903 4816.65457719553
605 412.149877738622 4816.65283062273
606 411.212856678836 4817.10711053986
607 411.1867766889 4817.23852744177
608 411.172874555524 4817.39199941395
609 411.28080371328 4817.18274728632
610 411.299210146652 4817.10697121609
611 411.204296231911 4817.14465697864
612 411.214712011532 4816.94746624624
613 411.149442687181 4816.9339987153
614 416.118191641131 4813.15828299476
615 415.853565726381 4813.0550617674
616 415.558071855785 4812.98133944802
617 415.518719503564 4813.05614257952
618 415.512829236416 4813.17995497483
619 415.683495881194 4813.18348146654
620 415.953397603158 4813.29473867092
621 415.698043451068 4813.14997665118
622 415.648700327693 4812.96965185589
623 415.927097549102 4813.09968470376
624 416.063853728512 4813.14107666617
625 399.212243427617 4811.2262245994
626 399.380493215743 4811.29591504417
627 399.406778675524 4811.34895374191
628 399.532295349464 4811.57635737253
629 399.680923460269 4811.86729191771
630 399.707685041435 4812.13749226482
631 399.831614415338 4812.34137497151
632 399.935649661502 4812.56832726712
633 400.130054473823 4812.64753328066
634 400.144459107694 4812.91514116394
635 400.060860737949 4812.8759465083
636 400.057092583486 4812.68738320353
637 399.920898439175 4812.52311333741
638 399.729383488323 4812.5569529513
639 399.68227197044 4812.34381889383
640 399.644912141959 4812.04667206274
641 399.577695449812 4811.79351492703
642 399.461890277693 4811.50064872739
643 399.30469528197 4811.24417133525
645 409.884721220376 4806.10026401291
646 409.965199145003 4806.26836072066
647 410.01316124384 4806.43977969232
648 409.94542358892 4806.35226557684
649 409.801392441242 4806.2222287622
650 409.670989744322 4806.32427506426
651 409.701910974073 4806.2988690123
652 409.885515035739 4806.13546486869
653 409.959764617388 4805.83656548419
654 409.999144326043 4805.78316778082
655 408.422052661779 4794.38479835731
656 408.196447226344 4794.48804146069
657 408.091109668657 4794.50368714158
658 408.01655952833 4794.35485738251
659 408.079192318891 4794.247152525
660 408.214979714763 4794.20910128317
661 408.281330197418 4794.05802857583
662 408.366583521774 4794.20660528737
663 408.406029094017 4794.24372666606
664 409.479423861387 4794.09301405528
665 409.218582299614 4794.18414162503
666 408.981863551248 4794.28883981765
667 408.521556376451 4794.27337838529
668 408.629571547126 4794.2032764016
669 408.958333787441 4794.27060630752
670 409.022890249442 4794.32316655835
671 408.936442302735 4794.32599386741
672 409.197269103602 4794.16176781798
673 409.232423588494 4794.11508955509
674 409.299508316487 4793.92014297269
675 409.263950322434 4794.08223339208
676 409.269226061981 4794.08238490699
677 409.265059079459 4794.14686433693
678 409.455709826025 4794.08522236868
679 409.528795028716 4794.03537323424
680 410.185660313541 4794.59256237395
681 410.174716379503 4794.38510848248
682 410.147752527995 4794.15043156583
683 410.118530021737 4793.94133195541
684 409.991168626949 4794.0528753378
685 410.094224382303 4794.17024638508
686 410.15622200334 4794.38535366961
687 410.128512656465 4794.48602175181
688 419.460360872981 4806.83372632117
689 419.567239229507 4806.66295444858
690 419.584409494644 4806.62920583152
691 419.573654385687 4806.51492881325
692 419.364382837072 4806.40490843286
693 419.309405521286 4806.44632917266
694 419.456046571007 4806.51966326192
695 419.51169919888 4806.40581609083
696 419.562024258288 4806.66023976733
697 419.563902285404 4806.93334592225
698 419.575229505708 4806.92576904687
699 420.313913498713 4807.1133840981
700 420.520967595692 4806.9902065958
701 420.488995723541 4807.01879562676
702 420.379934831003 4807.14326098005
703 421.611662358135 4806.79995746877
704 421.707545777402 4806.61912990606
705 421.64512161809 4806.48045873098
706 421.658389647112 4806.42354689559
707 421.676306839085 4806.54396327655
708 421.627759385184 4806.7775561099
709 421.532199332866 4806.67237025939
710 421.547200690448 4806.73683989747
711 422.048664749599 4771.34617626252
712 421.77328132006 4771.47327629982
713 421.868170561974 4771.38611345109
714 421.964948045567 4771.17198239073
715 422.108605746742 4771.07782393023
716 422.2613447399 4771.17315395445
717 422.188128938553 4771.26284063847
718 422.522484507155 4771.15197008038
719 422.393862893614 4770.91508484963
720 422.384791066555 4770.73292968907
721 422.249854102134 4770.49300899258
722 422.187141781094 4770.23349727641
723 422.294278810588 4770.44074675577
724 422.397128496277 4770.70824398499
725 422.457841419401 4771.00776378095
726 422.485130907689 4771.07398200172
727 420.597475463028 4769.52687180121
728 420.581419406086 4769.72153487932
729 420.684899949161 4769.8473915641
730 420.551170161479 4769.81584851907
731 420.610848553522 4769.54959589616
732 420.603895827884 4769.47681751806
733 414.342066654766 4784.94977302728
734 414.339846690884 4784.97990132695
735 414.457281404336 4785.18334865676
736 414.538393137139 4785.3412711052
737 414.666560610347 4785.20359821505
738 414.572797957323 4785.02795085669
739 414.489435062651 4784.94314118177
740 412.750679836524 4786.87623719699
741 412.621736829907 4786.93554134341
742 412.383478659566 4786.8752993335
743 412.362224922067 4786.61288709606
744 412.372282740962 4786.34107416297
745 412.353374276962 4786.55013427586
746 412.322824405494 4786.82621045688
747 412.298652850139 4787.05510982839
748 412.266765527861 4787.13293925758
749 412.355510185759 4786.84156091234
750 412.363464537739 4786.61453719002
751 412.696797273389 4786.54493435938
752 412.751766667126 4786.50557495498
753 413.394211403279 4786.90476601442
754 413.201087272164 4786.89934515335
755 413.265168790999 4787.07746373721
756 413.27934062283 4787.32230795875
757 413.158863377539 4787.49712018158
758 413.169029086207 4787.28228753956
759 413.197031823103 4787.24927433526
760 413.125749070125 4787.21297660046
761 413.155568088365 4787.01077704018
762 412.934097873951 4786.8719953377
763 412.903170301409 4786.84162483654
764 412.974727499263 4786.30300719518
765 413.113043009557 4786.58791383252
766 413.30895406561 4786.74735380074
767 413.384814176871 4786.74105457469
768 447.082405380346 4813.23805262476
769 446.947725586584 4813.44358227155
770 446.939024844314 4813.53017028787
771 446.957731406912 4813.48159869
772 446.892358318613 4813.53076022288
773 446.923401557417 4813.50808042604
774 446.949237117751 4813.61494335823
775 446.99234541476 4813.7070098673
776 447.026946008437 4813.73561448025
777 447.07221581572 4813.78390494741
778 447.13710347427 4813.83792812885
779 447.192962737413 4813.9268970598
780 447.049513168333 4814.04430833611
781 446.931252908751 4813.92962070079
782 446.946599808063 4813.86541535098
783 446.864246479228 4813.78143318019
784 446.87522325183 4813.55288619085
785 446.877448204049 4813.52732373178
786 443.26027414895 4805.82146915002
787 443.283133595735 4805.85315258394
788 443.319014573339 4805.88294972862
789 443.287050797299 4806.03026753863
790 443.212047325937 4806.09542651337
791 443.112244984639 4806.25408953464
792 443.152463520754 4806.30872770619
793 443.063865501037 4806.16320229691
794 443.110806573079 4806.083395395
795 443.328661009555 4805.91307828597
796 443.226425889361 4805.81198001714
797 430.849553564051 4830.06616923977
798 430.784424903622 4830.19801876646
799 430.755013025176 4830.21753827932
800 430.74616930507 4830.21285354894
801 430.788838665364 4830.07068365878
802 430.79524254046 4830.05006903531
803 430.714992252795 4830.00702457817
804 430.744054672666 4829.984842777
805 430.760662201106 4830.03021101944
806 430.815064027604 4829.96911438604
807 430.825654698743 4829.92413162271
808 430.826147437059 4830.01876058806
809 430.906960276951 4829.9442855269
810 430.900062442625 4829.93269401224
811 430.849265632614 4830.02263165965
812 430.878924656358 4830.05042706371
814 431.43176482364 4830.13860324701
815 431.588915772162 4830.15088094225
816 431.658124414398 4829.9823440402
817 431.643776483669 4829.82565598574
818 431.630066095248 4829.80269277559
819 431.555352544014 4829.90641974416
820 431.502381200896 4829.84764827126
821 431.486254493872 4829.8014958787
822 431.470384123164 4829.80410175902
823 431.49370518402 4829.66202365378
824 431.558032203258 4829.55251530322
825 431.473300668057 4829.73420729009
826 431.395228564709 4829.88806416094
827 431.330649075937 4829.96447719608
828 431.415348466092 4830.08778892113
829 431.625501090127 4830.24891781103
831 436.718176780321 4822.21005187406
832 436.681184863339 4822.15086726955
833 436.675158214384 4822.02574885198
834 436.682445542388 4822.11320285236
835 436.665992971186 4822.0476048635
836 436.617653705851 4821.9931925087
837 436.601382691573 4821.93836669221
838 436.626495305084 4821.75719769935
839 436.68560796346 4821.69444148646
840 436.759421513273 4821.6913027106
841 436.818316611595 4821.63099328006
842 436.847652152467 4821.64904388695
843 436.900341503492 4821.74506799704
844 436.816198324337 4821.78373349047
845 436.818932052473 4821.79092728481
846 436.835919834026 4821.87917871346
847 436.913111601464 4822.02950761329
848 436.82821248382 4822.16780936748
849 436.734056647398 4822.240668515
851 444.442451489129 4829.27759769976
852 444.432582669281 4829.31366565012
853 444.451453837607 4829.43879427993
854 444.54944453952 4829.54927322883
855 444.629046078598 4829.74909336452
856 444.548075818865 4829.93968984318
857 444.474658798812 4829.84355723403
858 444.496276293125 4829.75496770409
859 444.509134063522 4829.54394241043
860 444.535230377088 4829.58682088607
861 444.406765938971 4829.49925281439
862 444.413915173321 4829.42722122074
863 402.838322949389 4833.69360794364
864 403.007170646454 4833.85656526513
865 403.211483628751 4833.81206148489
866 403.235762991201 4833.60009277686
867 403.331284602332 4833.42253123922
868 403.310382007435 4833.22076904718
869 403.149162802849 4833.0001514396
870 403.093303207667 4832.69114293651
871 403.089561676451 4832.3880454922
872 403.074673258547 4832.07289015591
873 403.017625287706 4831.79389260133
874 402.904178440377 4831.53759666534
875 402.882606690354 4831.735974289
876 402.733041850481 4831.98775347368
877 402.51478424408 4832.21420889395
878 402.373438636139 4832.39167222386
879 402.419746088298 4832.69048390986
880 402.475961085432 4832.96082476646
881 402.571374209648 4833.31968612687
882 402.587071324191 4833.41165875402
883 422.928506605202 4834.2691953141
884 422.877187252977 4834.30866339993
885 422.749158191245 4834.36756684628
886 422.689049954716 4834.39303115327
887 422.695689892858 4834.38840029519
888 422.70075694925 4834.38723099164
889 422.697828495989 4834.38504328749
890 422.707823533928 4834.39859026327
891 422.708320882208 4834.37881286459
892 422.827065322897 4834.36100297816
893 422.920045295344 4834.23474795087
894 423.002572016754 4834.15993195403
895 422.962820454812 4834.11151576953
896 422.99930491758 4834.12831273049
897 423.052245334283 4834.19457185494
898 409.951222392328 4774.68169280482
899 409.891258727882 4774.51565575144
900 409.939170734428 4774.24356439387
901 409.794765949167 4774.16572380899
902 409.592026507894 4774.07044358018
903 409.500497973148 4773.98579933705
904 409.70723858365 4774.09413038784
905 409.969818426751 4774.13042233698
906 409.975443185041 4774.19899013856
907 409.894013265412 4774.48396400523
908 409.875968822752 4774.60238245098
909 409.126347308788 4774.82281291798
910 409.050491606364 4774.71119755083
911 409.024608403157 4774.50928109586
912 408.85184972699 4774.39862816441
913 408.952032136862 4774.59488653727
914 408.948571336045 4774.81707647342
915 409.014158647455 4774.87862328452
916 411.335354425961 4775.2471192479
917 411.258873629001 4775.01553198354
918 411.247433063379 4774.78043286422
919 411.346699004417 4774.53656288925
920 411.414175158727 4774.48825873074
921 411.43782619438 4774.74930087878
922 411.589112107618 4774.98380695782
923 411.387044226693 4775.01764125858
924 411.436783436749 4775.16383052979
925 433.35437597135 4805.29256106024
926 433.412228588945 4805.46769915781
927 433.265968434984 4805.55810820242
928 433.131850908168 4805.75391453514
929 433.035561049751 4805.84372302976
930 433.258402756976 4805.74311056964
931 433.249332651414 4805.68577826554
932 433.374199140163 4805.39732426066
933 433.400866063235 4805.31742578624
934 432.42969359485 4805.46801896868
935 432.473255238371 4805.75858105642
936 432.378421847723 4806.01720786299
937 432.444383135814 4806.22380037088
938 432.599063012958 4806.24113581131
939 432.717892502182 4806.35834885148
940 432.743733288794 4806.37552901229
941 432.573993332686 4806.22017217692
942 432.553034566112 4805.94604372447
943 432.573941719285 4805.67982730522
944 432.448734929634 4805.61466019156
945 431.429832547497 4805.62082111679
946 431.374628167423 4805.86262229639
947 431.312633877372 4806.07339403963
948 431.384746575814 4806.19683516486
949 431.357151553281 4806.09515492831
950 431.355017427872 4805.885257456
951 431.414530996096 4805.65318632252
952 431.382002380867 4805.6399664885
953 433.167231459546 4783.19413092211
954 433.253270266366 4783.35877062577
955 433.374570359171 4783.2998279122
956 433.421999079038 4783.24771879657
957 433.525486539653 4783.36943151862
958 433.42323055682 4783.18262349753
959 433.371802542569 4783.07539556889
960 433.300988002249 4783.0877514597
961 434.072027163611 4783.48283703202
962 434.024208211027 4783.67088697514
963 434.084432161851 4783.41308002707
964 434.098010535691 4783.5900944902
965 434.154995780621 4783.53445494859
966 434.226180405536 4783.66148879763
967 434.194050482896 4783.53174451215
968 434.318362785929 4783.45613007288
969 434.21309796223 4783.28344473121
970 434.031620747348 4783.27087577469
971 433.953487679055 4783.46655051103
972 433.986452652524 4783.51443189756
973 431.888637776435 4782.37661442163
974 432.041704556758 4782.31621948457
975 432.274183843674 4782.21638669483
976 432.369585597429 4782.28951698305
977 432.164746226591 4782.39840018945
978 432.074887397644 4782.3433207988
979 432.309798349084 4782.25923598383
980 432.184343265236 4782.14697843222
981 432.052066242421 4782.22271126468
982 446.120483713798 4770.20048408793
983 446.331439900557 4770.30876931933
984 446.262316367429 4770.55541608922
985 446.232630112232 4770.86860956375
986 446.229391184388 4771.09807975231
987 446.348911655839 4771.23707163276
988 446.410225489008 4771.21959816248
989 446.28020320928 4771.00783419125
990 446.308565760975 4770.75384487198
991 446.107299501192 4770.61338839981
992 446.166897624883 4770.34671365501
993 446.153591704368 4770.25941645629
