#V1 V2 V3
1 444.696940975988 4795.74533765034
2 444.511514595218 4795.74141217997
3 444.599886790738 4795.52000801693
4 444.579086932325 4795.31715638615
5 444.553978883911 4795.27182634001
6 444.662330577757 4795.24139779442
7 444.792415709603 4795.1905805326
8 444.764159876414 4795.04754070821
9 444.675774105326 4794.82180625157
10 444.594991063326 4794.60400722418
11 444.621762377868 4794.51516081941
12 444.534780751181 4794.69023980803
13 444.799341647494 4795.67220078736
14 444.637977615104 4795.05023664236
15 444.726125818688 4795.27686109468
16 444.601727203314 4795.18969390076
17 444.530456406235 4795.37064218507
18 444.517450147107 4795.52545844251
19 444.782616890559 4795.62024892833
20 444.7978098886 4795.6733238935
21 445.873673643698 4795.99616085092
22 445.896421461714 4795.90990605932
23 445.869401823624 4795.8776918661
24 445.809132925233 4795.80509505068
25 445.924318841959 4795.98098503659
26 445.906109924932 4796.02633267623
27 445.729335288734 4795.94722698589
28 445.561045534246 4795.81441467537
29 445.466119588456 4795.70866982552
30 445.489348851967 4795.50135216344
31 445.359384906131 4795.33580627105
32 445.490025275747 4795.22258115463
33 445.612909507674 4795.20349035238
34 445.69611513195 4795.33387588479
35 445.874645004511 4795.508813293
36 445.879038293601 4795.72368299438
37 445.970403624063 4795.81091458184
38 443.62062903789 4795.56584938214
39 443.63081557428 4795.59119792357
40 443.657890537434 4795.62862285638
41 443.714399970611 4795.57761958035
42 443.63642650184 4795.53450933479
43 443.665480669582 4795.54659557142
44 443.683377830717 4795.40684116742
45 443.687568813874 4795.3841495758
46 443.671994987408 4795.4327023147
47 443.887948743649 4781.90576084199
48 443.7511987345 4781.93765386596
49 443.708106453477 4781.95466934131
50 443.627354270133 4781.97732796918
51 443.592221455065 4782.11133563082
52 443.483368930487 4782.21397032598
53 443.433493495869 4782.36287245994
54 443.536177010344 4782.23207880392
55 443.542657790678 4782.00446270727
56 443.559919636186 4781.9595622219
57 444.981749588605 4781.88183331403
58 444.814741422387 4782.01112696857
59 444.825847834509 4782.09799669726
60 444.892181182504 4782.1910823794
61 444.846099536704 4782.20034066464
62 444.889957426549 4782.25762522312
63 444.886796295452 4782.36893278388
64 444.951329869662 4782.43082579426
65 444.904701921747 4782.34235547796
66 444.948301745581 4782.1570878788
67 444.974620048778 4782.06536167558
68 445.064731467661 4781.88305069162
69 445.057933236912 4781.85634020711
70 445.970282886861 4781.96642258135
71 446.028170413075 4782.14399136347
72 445.970344170643 4782.28105363621
73 445.875754829096 4782.42373978188
74 445.895662905126 4782.45434488766
75 445.8519177601 4782.65493347924
76 445.710727462135 4782.67938161059
77 445.719530883764 4782.71340665808
78 445.763852225346 4782.56523267104
79 445.789834369265 4782.41998167635
80 445.892439687371 4782.23302884
81 445.881431500311 4782.00355639801
82 445.860050704029 4781.99228740628
83 455.377131637943 4796.23051345806
84 455.312541113329 4796.03980577777
85 455.272182078039 4795.88403347687
86 455.170841827426 4795.69234829707
87 455.072609196885 4795.51763611132
88 455.234637677787 4795.41816460284
89 455.269242254472 4795.36518273802
90 455.265106834086 4795.24248932151
91 455.280281265125 4795.34200947749
92 455.884684680219 4795.91999750185
93 455.971957506426 4795.77260903771
94 456.172031415635 4795.8116259355
95 456.358000479722 4795.71347027102
96 456.360962829601 4795.53131395018
97 456.437882595845 4795.32280486493
98 456.402087082807 4795.0913656539
99 456.409683420012 4794.83499222602
100 456.347094717145 4794.72577984319
101 456.131841280051 4794.94018171301
102 456.209502898969 4795.09738336043
103 456.266733154798 4795.2812609233
104 456.254445963973 4795.36285775832
105 456.352477062904 4795.12056050466
106 456.433327520144 4795.32072403465
107 456.435947499084 4795.53893858702
108 456.286139562568 4795.77490525933
109 456.156560015216 4795.87702898301
110 455.964516111807 4796.00010711709
111 456.028949772812 4796.18193701504
112 456.004616345206 4796.26838826932
113 448.894853590591 4815.89726831941
114 449.040609841349 4815.70124466227
115 449.023687481906 4815.63417870751
116 448.874648023522 4815.54712378953
117 448.817904100045 4815.5711007379
118 448.833118000486 4815.54077548131
119 448.696823888059 4815.55636240233
120 448.603471791447 4815.57251257367
121 448.425675109491 4815.49024079233
122 448.349862892448 4815.52658495866
123 448.389129056258 4815.406333826
124 448.324350107741 4815.43692937166
125 448.250865126833 4815.34475482534
126 448.230588325852 4815.31581176657
127 448.241421965475 4815.22087914932
128 448.349804595491 4814.99203084572
129 448.439946527236 4814.86194954748
130 448.526419885194 4814.72756606649
131 448.480172976728 4814.85586623395
132 448.28205754542 4815.04730585509
133 448.2038270878 4815.25337709749
134 448.342306405949 4815.42701784524
135 448.510972204545 4815.52035270893
136 448.654366765531 4815.57689992024
137 448.843194164275 4815.50471394664
138 448.998505132507 4815.52286059932
139 449.019482898794 4815.64487275652
140 448.928191979387 4815.78339608041
141 448.886251318738 4815.90377539806
143 457.256435747579 4796.23438328593
144 457.322136817406 4796.05705165071
145 457.35548234101 4795.85360339098
146 457.265564735005 4795.66348165949
147 457.296191138593 4795.45316473286
148 457.184751353741 4795.2465209581
149 456.938563643325 4795.20165876662
150 457.145544123155 4795.2923030931
151 457.281765332569 4795.48046516446
152 457.211947155386 4795.58452396965
153 457.086151403245 4795.65939625009
154 457.186270994966 4795.85900225397
155 457.358437436338 4795.94942880318
156 457.329553690894 4796.16595395166
157 457.404882170859 4796.22956086364
158 447.955257916158 4815.32781964302
159 448.082335354161 4815.2386528735
160 447.904409055056 4815.1416240333
161 447.748555338972 4815.02388147359
162 447.777984254993 4815.02298673463
163 447.709228287727 4814.85403548065
164 447.767298748176 4814.78183683106
165 447.869047131734 4814.98196443086
166 447.991262406145 4815.16294329449
167 448.041015752752 4815.20754033673
168 405.217780923199 4831.80393839345
169 405.199121654355 4832.02470438165
170 405.238355274378 4831.82675271758
171 405.210423463715 4831.68884838328
172 405.198178699384 4832.00938812644
173 405.338171345942 4832.26701116125
174 405.363756727055 4832.34196450374
175 405.403493816179 4832.38505903094
176 405.395335218096 4832.60700920675
177 405.444192369807 4832.81615689319
178 405.596095478421 4832.88477374054
179 405.524814209464 4832.86411787382
180 405.375332679043 4832.91555035569
181 405.439182610023 4832.75846391253
182 405.39701927798 4832.50923141141
183 405.403718778417 4832.42382418949
184 420.989548360487 4829.4215284509
185 420.853646402793 4829.31938651356
186 420.827947442794 4829.38478091119
187 420.643741279411 4829.47704268106
188 420.631458446045 4829.48251981422
189 420.553120655144 4829.50510797761
190 420.426864569779 4829.59046885038
191 420.450758188947 4829.56374891543
192 420.561898998967 4829.50355992163
193 420.772751670554 4829.47407230511
194 421.002699679439 4829.43492475265
196 420.801706853363 4829.04230872552
197 420.672475400178 4828.9386474548
198 420.501484941855 4828.83270680599
199 420.359621747974 4828.78751644207
200 420.55508426051 4828.88094503455
201 420.736376065727 4829.01186847796
202 420.783271001137 4829.03941644433
203 418.907834740682 4816.63652889546
204 418.790114985088 4816.81833461384
205 418.805039297671 4816.87580249946
206 418.763254477151 4817.09157057602
207 418.83213224636 4817.3655393027
208 418.804430683101 4817.55559012145
209 418.753232074358 4817.57386926577
210 418.840051747072 4817.36522160522
211 418.792429940946 4817.09721641856
212 418.793236506179 4816.889385034
213 418.805487591139 4816.79904416796
214 418.816372687832 4816.74959546928
215 420.749420026573 4816.78319815301
216 420.737756138819 4816.85009121933
217 420.688140852551 4816.6468544597
218 420.461846495373 4816.68340326097
219 420.238035025798 4816.75869531042
220 420.294054581198 4816.69605190746
221 420.529873999298 4816.55553038116
223 421.308413583553 4817.59480975307
224 421.425101347003 4817.5624560335
225 421.392053832701 4817.46720725009
226 421.283218646112 4817.30020246
227 421.249951990989 4817.30392401583
228 417.331176158246 4812.49427637743
229 417.401898801883 4812.6137031859
230 417.496560636638 4812.62687199829
231 417.640028974217 4812.73430327336
232 417.391680047504 4812.61171804727
233 417.341184296981 4812.5977865476
234 416.284539180808 4812.70358095953
235 416.393769181377 4812.67789905882
236 416.5490273335 4812.66453341287
237 416.450208084944 4812.6033337883
238 416.413725493461 4812.63000009413
239 408.593960531706 4804.62062351681
240 408.346170339622 4804.66941207613
241 408.161276518585 4804.48220290384
242 408.249950999277 4804.65283492332
243 408.178747933514 4804.80797832725
244 408.122091594495 4804.9603699164
245 408.022708293085 4805.11567650728
246 407.84654282706 4805.15240115186
247 408.099452435896 4805.12418442238
248 408.261789818084 4805.1367506072
249 408.338104329815 4804.92266742274
250 408.373252729327 4804.70714424265
251 408.402320648669 4804.77184143594
252 408.733522725695 4806.00398411072
253 408.654454953814 4805.83488241421
254 408.712322398663 4805.69391982399
255 408.916528843181 4805.63517902526
256 409.041922370663 4805.53385226564
257 409.139457923011 4805.31827091922
258 409.216885636471 4805.19115685605
259 409.40636622512 4805.14429254271
260 409.360809461992 4805.34695328823
261 409.224010265859 4805.59460495085
262 409.270630596683 4805.79102957319
263 409.030311250688 4805.70006945545
264 408.786551324406 4805.66670236767
265 408.650636855658 4805.77417459376
266 408.663501487162 4806.04858454926
267 408.687468938017 4806.04814927008
268 400.694203016099 4812.02712859459
269 400.619676505334 4812.26883250336
270 400.696762165754 4812.48630690617
271 400.763916958397 4812.68360023127
272 400.855709425027 4812.9168556113
273 400.943480108271 4813.12462223443
275 400.924875562513 4812.14547977864
277 400.90071702629 4812.14250253957
278 400.840766786863 4812.13238726998
279 401.006031294149 4813.048055405
280 401.19928833262 4812.91847303923
281 401.415260143584 4812.80900322376
282 401.470669892488 4812.70277541386
283 401.251187272688 4812.60612557695
284 401.170137760116 4812.45912984691
285 401.044983923045 4812.26257325616
287 420.067150112853 4781.3533798281
288 420.164206987137 4781.45097990517
289 420.226636105606 4781.59707977291
290 420.236043536971 4781.59530344942
291 420.340569060626 4781.6024088914
292 420.161543451906 4781.70191426201
293 420.146353422987 4781.64033859981
294 421.330408177079 4781.36675640488
295 421.357512679488 4781.5388201507
296 421.403255219475 4781.73432609645
297 421.418459995567 4781.84743955311
298 421.306821378028 4781.80108195272
299 421.380455460947 4781.63218508358
300 421.27811707593 4781.62426092676
301 421.159539833439 4781.45647776002
302 421.046594403431 4781.27019395165
303 421.077800126245 4781.24861796975
304 422.058988003933 4782.76270920769
305 422.09529838781 4782.61957125637
306 422.175466884746 4782.58055724936
307 422.167273079996 4782.36873408748
308 422.145810409196 4782.12663035103
309 422.240501460836 4782.14176308776
310 422.177744214952 4782.26110089645
311 422.236732936284 4782.45901498335
312 422.466878656102 4782.57289733955
313 422.37080286853 4782.68506077916
314 422.169425925704 4782.6775883897
315 422.150174297867 4782.70668631082
316 416.002229803679 4790.95066071761
317 415.947821729051 4790.7913914661
318 415.885910286304 4790.64254531541
319 415.817438229328 4790.59974345824
320 415.79944678642 4790.48434112775
321 415.73795538975 4790.65082353604
322 415.8958065326 4790.79259149999
323 415.887560796029 4790.84767421448
324 444.743643657445 4807.65005532945
325 444.786271661383 4807.63571227844
326 444.947121571467 4807.59452594752
327 445.025787557641 4807.48215394246
328 445.149470619227 4807.51924250445
329 445.21227440916 4807.48685687141
330 445.057517224319 4807.36205720705
331 445.118348015002 4807.28603855609
332 445.140740061452 4807.24198613529
333 445.153243677607 4807.28619911629
334 445.133175583026 4807.22772035079
335 445.068518239453 4807.07242326834
336 444.984563774902 4807.01346564501
337 444.86195287071 4807.24759008531
338 445.062226183636 4807.3636848335
339 445.266074886077 4807.45232357062
340 445.15986991424 4807.53370739723
341 444.958616975309 4807.53490170748
342 444.739769902203 4807.53291414795
343 444.70453448858 4807.56030249408
344 443.770374648135 4805.67692736617
345 443.849245609998 4805.82243160075
346 443.803400622112 4805.86979324189
347 443.749509389217 4805.99130216929
348 443.8076193561 4805.89019396446
349 443.758232982249 4805.82341126389
350 443.745323068245 4805.74155334374
352 432.531802646259 4830.36835196958
353 432.513145334508 4830.43862650633
354 432.600596137219 4830.62967911086
355 432.540005615604 4830.50988656229
356 432.50342177925 4830.40251488492
357 432.475699645559 4830.37391542576
358 432.51095104116 4830.31691336126
359 432.538911191155 4830.27298036648
360 432.529615947533 4830.33549659067
361 432.56752997465 4830.25436534642
362 432.697077957116 4830.19419449206
363 432.642292937001 4830.27482811131
364 432.676530849954 4830.35767709848
366 434.945952109557 4822.49799305023
367 435.1065161261 4822.39447750593
368 435.124104442938 4822.29179001017
369 435.060635861503 4822.23620192592
370 435.011963089292 4822.25710955062
371 435.088556596533 4822.34167066341
372 435.101619364529 4822.17194059642
373 435.151416862312 4822.06660964212
374 435.178432403288 4821.91929234973
375 435.187977004755 4821.88698999214
376 435.774280315986 4821.45762825953
377 435.884362755188 4821.47034946068
378 435.941029356513 4821.49890914657
379 435.998875224384 4821.50713234293
380 435.990637275875 4821.62616630876
381 435.978909406057 4821.73501516932
382 435.940001589689 4821.8232421213
383 435.922532408785 4821.8551746387
384 435.902759771581 4821.9335562932
385 435.771009233225 4822.12951990482
386 435.692352446628 4822.28443730478
387 435.695913164168 4822.32727614881
388 426.764273772347 4821.64665675328
389 426.683295381089 4821.50403386669
390 426.699907287594 4821.54550492138
391 426.651946088783 4821.42262643006
392 426.567097297454 4821.36990506663
393 426.486229371056 4821.22328461548
394 426.584633405434 4821.42191767206
395 426.667137857044 4821.50421020679
396 427.815884203982 4822.80242568048
397 427.858387161216 4822.57793552187
398 427.823461945692 4822.39504098947
399 427.763787525374 4822.34492233885
400 427.655372935195 4822.2250200257
401 427.664412938402 4822.14172929704
402 427.70094398917 4822.1880975565
403 427.86918884854 4822.3425678151
404 427.893776487538 4822.50324793742
405 427.895782695653 4822.76535770122
406 427.847543456672 4822.83185293452
407 442.167845827914 4829.21453735082
408 442.129216313472 4829.39502469736
409 442.098289291298 4829.54212508655
410 442.027018358513 4829.74533126506
411 442.145095630746 4829.78551740542
412 442.15021321538 4829.79880151188
413 442.097531891343 4829.59455622179
414 442.110617493155 4829.36253103697
415 442.147860335064 4829.3018989812
416 443.330829684658 4829.40008382313
417 443.394335647874 4829.56226269774
418 443.42030880959 4829.58014754898
419 443.448500451507 4829.63144544292
420 443.380369148295 4829.66656310343
421 443.302353569072 4829.48706930412
422 443.20752351741 4829.33315358185
423 443.219587232459 4829.30928266818
424 404.032993672232 4833.77179386315
425 404.064502618296 4833.516513273
426 404.033704493598 4833.28689790021
427 403.936336118815 4833.05612702133
428 403.9200166291 4832.82397163202
429 403.942884009796 4832.59603066459
430 404.045305919848 4832.37405880378
431 404.00042650794 4832.45123949414
432 403.915705014912 4832.6921757821
433 403.934267491699 4832.91196851682
434 403.979582060829 4833.13537662412
435 404.040623678509 4833.3756666297
436 404.052115003241 4833.56956726244
437 404.026419174929 4833.65080550893
438 428.585504521329 4820.87387055566
439 428.584027247726 4820.79569156235
440 428.526090738289 4820.90971206842
441 428.615510109099 4821.06659491188
442 428.696980610961 4821.03063114477
443 428.775854988574 4821.10032535161
444 428.71665552571 4821.15626697787
445 428.695615902592 4821.34364660477
446 428.677805462443 4821.40125990277
447 428.713389728244 4821.2063951067
448 428.658694543718 4821.10045753314
449 423.269888142799 4833.0600937383
450 423.461243922104 4833.19685942523
451 423.715063017203 4833.20295921882
452 423.934083381852 4833.20602061002
453 424.152704421798 4833.25930000302
454 424.383951217373 4833.19536988182
455 424.58776726056 4833.3309156512
456 424.763080729785 4833.43568658047
457 424.69991524272 4833.40585105675
458 424.475378315454 4833.22055161257
459 424.276418120525 4833.23668385417
460 424.053097187805 4833.20278096798
461 423.828691898516 4833.22265862291
462 423.52725390246 4833.21376609924
463 423.344843104032 4833.07611859755
465 423.413369262642 4832.12818831836
466 423.490560520804 4832.29669680257
467 423.473724252216 4832.10817106528
468 423.716412291158 4832.15327566757
469 423.897331266164 4832.22919228352
470 423.678696930892 4832.14248676749
471 423.466829453507 4832.09780872126
472 423.354167268774 4832.06566343065
473 421.115062841895 4830.1018375649
474 421.060792386237 4829.96807404172
475 421.076799463742 4830.073297161
477 417.081326094871 4790.0381527046
478 417.085857470699 4789.88415291239
479 417.12035663608 4789.71112717698
480 417.228124849967 4789.59452025301
481 417.089182401467 4789.53834837781
482 417.05605939495 4789.35237610675
483 416.938404602556 4789.35114931502
484 416.970398822452 4789.51758641317
485 416.987061932024 4789.5922444077
486 416.997886642438 4789.82014076963
487 417.110203920281 4789.96327122833
488 417.094858966581 4789.95646122079
489 418.342554612268 4790.95207393123
490 418.319610762716 4790.7857441825
491 418.409479960415 4790.81398534347
492 418.325082247059 4790.93007014947
493 418.364932257489 4790.9770176288
494 433.419992692387 4793.37537375726
495 433.325561255145 4793.55744969021
496 433.392379569602 4793.55412714104
497 433.614399279933 4793.58393572199
498 433.629671726172 4793.64398356477
499 433.4173614065 4793.58653491023
500 433.336265278845 4793.5486812969
501 433.397190162401 4793.49876929561
502 432.726401845958 4794.3404970401
503 432.524135377766 4794.25576575596
504 432.334787293409 4794.18979260641
505 432.239896653712 4794.0135906721
506 432.403986440407 4793.88089427946
507 432.593871922459 4793.86145459161
508 432.406113049911 4793.923300209
509 432.253314065756 4794.03300412281
510 432.403125127974 4794.20932455769
511 432.651248958518 4794.31247753841
513 431.702363337343 4795.373550088
514 431.642176970685 4795.10793121728
515 431.588101090153 4794.93376979974
516 431.532585675777 4794.74585113286
517 431.477042138117 4794.57148327931
518 431.474871736193 4794.66968780877
519 431.436781574024 4794.92963512365
520 431.62605849861 4795.04589675505
521 431.638651700465 4795.120295149
522 432.498909007336 4769.74404702144
523 432.541076003569 4769.92477157709
524 432.448757553351 4770.04029973115
525 432.321440702026 4770.16450566123
526 432.522876721376 4770.06033536058
527 432.713449714428 4770.00980979398
528 432.600098344927 4769.89986627398
529 432.515047581838 4769.77887187093
530 432.47103654555 4769.71644616725
531 433.457372778677 4770.0169574176
532 433.539001389333 4770.21496189795
533 433.564690280352 4770.39529739427
534 433.514585028658 4770.63356728249
535 433.499581457699 4770.86494303933
536 433.415564002371 4771.06400657556
537 433.211946294233 4771.15973172328
538 433.402671149912 4771.31935147347
539 433.228204481835 4771.14091433298
540 433.330344453261 4770.90613166545
541 433.471126003908 4770.75993417654
542 433.445141640365 4770.53273392318
543 433.540946523048 4770.34788322069
544 433.527914261836 4770.13810442795
545 433.424545349179 4769.98162677144
547 434.516916289024 4769.87088658145
548 434.672014462057 4770.06742232601
549 434.858437270027 4770.10095854726
550 434.832202358225 4770.30345052334
551 434.826247768042 4770.35337365138
552 434.88718733363 4770.24739554287
553 434.78193898562 4770.0525999558
554 434.541533031885 4769.88253406086
555 434.541824584755 4769.87897732061
556 445.240687929861 4770.23413741831
557 445.328454443098 4770.37803102237
558 445.384878318868 4770.5524951155
559 445.46639005203 4770.65812561588
560 445.61774757082 4770.82616993082
561 445.66234692331 4770.95830646698
562 445.648738629766 4770.79282795162
563 445.516702510914 4770.67949117413
564 445.504924503186 4770.5806328818
565 445.311559369105 4770.36228510152
566 445.333340289751 4770.31724340452
567 444.530837901971 4770.84491065231
568 444.513781289767 4771.05972422107
569 444.502152822092 4770.90089487099
570 444.562032214948 4770.70694548534
571 444.572285345214 4770.69653384766
572 432.737768881303 4760.0591015191
573 432.653150270844 4760.08492142234
574 432.732180951314 4760.06293242278
575 432.756504408206 4759.932864884
576 432.781097900999 4759.91329912578
577 432.753424572627 4759.9928673157
578 432.726006825437 4760.0568847797
579 432.790492229012 4759.94008336803
580 432.819489471593 4759.93724454019
581 432.74669186227 4759.84689001945
582 432.828041046005 4759.8947359112
583 432.815799951743 4759.81045067916
584 432.73975414528 4759.82952177949
585 432.690342393602 4759.99515280965
586 432.725845936538 4760.02390164481
587 433.883049494307 4758.14462002276
588 433.858337528729 4758.2120491162
589 433.873199690298 4758.23100783737
590 433.877584474551 4758.10224824047
591 433.973760563129 4758.02024806681
592 433.953244905738 4758.37938810646
593 433.911627303492 4758.51183842453
594 433.830584201466 4758.65699719353
595 433.87723868806 4758.52283181443
596 433.860205314715 4758.53232514549
597 433.677857066402 4758.64103738237
598 433.762911891691 4758.71717863695
599 433.818386523311 4758.71120073729
600 434.850098239412 4759.35456159053
601 434.990595245668 4759.40697941866
602 434.930656682624 4759.19997959676
603 434.771293384216 4759.15340650628
604 434.621664051117 4759.23845999201
605 434.75145252121 4759.33040107449
606 434.797849459377 4759.27920547485
607 444.775855768169 4819.12284588997
608 444.661881180707 4818.89465298684
609 444.5568742865 4818.71592363019
610 444.516875928872 4818.73668976265
611 444.670529241013 4818.69821646305
612 444.698095207892 4818.53172339297
613 444.714699971429 4818.34921599342
614 444.739910943518 4818.13187425096
615 444.793475964123 4818.02036813482
616 444.899512154944 4817.95918967327
617 445.07549608076 4818.0593757656
618 445.101718587694 4818.30106373781
619 445.231655137722 4818.4355050001
620 445.104087565709 4818.5219550433
621 444.923928577126 4818.41380576687
622 444.7613070888 4818.2568701418
623 444.672679428695 4818.40942630339
624 444.589909814563 4818.62502116245
625 444.651574573775 4818.74224366936
626 444.582638297596 4818.93917686354
627 444.60354244362 4819.11226824774
629 444.341007598627 4818.77635005071
630 444.319323736703 4819.02731772292
631 444.184025148313 4819.10463120027
632 443.89905953237 4819.14398812259
633 443.795600693052 4819.25880662935
634 443.80691368366 4819.07489668879
635 443.999101270549 4818.90958102106
636 444.148285785816 4818.83014932686
637 444.101113120978 4818.74601968376
638 444.102513195138 4818.67137134021
639 444.289213924036 4818.64150000781
641 443.22474502264 4817.32993175258
642 443.160055066041 4817.51929119216
643 443.097574223575 4817.61578098371
644 442.911451656938 4817.78329166042
645 442.747423397903 4817.93384850426
646 442.681703040144 4818.00948941178
647 442.869228553508 4817.85628779618
648 442.991334997636 4817.67088105953
649 443.089058130939 4817.46913403398
650 443.059331760983 4817.31900141991
651 443.17194339 4817.32848945389
652 416.49448804026 4825.28427811073
653 416.288184590368 4825.24774910473
654 416.286786276645 4825.30397188376
655 416.250225109656 4825.247445187
656 416.207865216236 4825.24397517196
657 416.492130684433 4825.2895280951
658 416.534048505784 4825.36787172162
659 416.564604055204 4825.61708323345
660 416.528487540026 4825.84912946483
661 416.341523899413 4825.98930565118
662 416.140463172687 4826.09278559707
663 416.164287382552 4826.07371567334
664 416.244465057228 4826.04105704852
665 416.938034386452 4826.23281843066
666 416.707163409285 4826.06195534855
667 416.621776675834 4825.90950656244
668 416.659599384618 4825.86660496133
669 416.631929458693 4825.87527954508
670 416.519570940182 4825.82691377535
671 416.593454284835 4825.59284285663
672 416.666738937931 4825.55072251442
673 416.833067119631 4825.54888108356
674 416.664762342279 4825.5736290535
675 416.540062143401 4825.37090709978
676 416.492302767789 4825.21899164845
678 416.56679516361 4825.96861694467
680 416.737587029792 4826.15810422288
682 414.838667187294 4826.18238468099
683 414.749529698145 4826.08121342831
684 414.784866851823 4826.11697610064
685 414.997158492361 4826.25779635509
686 415.051269470576 4826.45638573057
687 415.022891938156 4826.29412623899
688 415.094904466973 4826.12093180055
689 415.266032593246 4826.14853724956
690 415.382704422644 4825.96234150645
691 415.227541599197 4826.1569100726
692 415.156465106916 4826.11704280155
693 413.405407591657 4816.4069590307
694 413.338374704477 4816.4449218108
695 413.280983010562 4816.46543294463
696 413.373364223682 4816.39904063712
697 413.505570045169 4816.39845085141
698 413.699426031969 4816.48860043203
699 413.489178901859 4816.3688928172
700 413.550047638941 4816.43009174892
701 413.514180507484 4816.54618415547
702 413.460573557232 4816.67861116152
703 413.452975038175 4816.72280663048
704 413.524063179253 4816.55383256212
705 413.554250415897 4816.4676929771
706 412.320817446368 4816.57195789972
707 412.498992131186 4816.6616111178
708 412.499332960302 4816.68782105957
709 412.444587854593 4816.93623690679
710 412.440750697797 4817.03903393383
711 412.49377945595 4816.7706462901
712 412.463631813728 4816.57276442841
713 412.287532541484 4816.54328926315
714 412.274400394881 4816.54701494368
715 412.138310636434 4816.65253733634
716 412.17021432029 4816.76741980957
717 412.147502644361 4816.67529939
718 412.159003873977 4816.63338390895
719 411.239153395688 4817.09010178451
720 411.097769722228 4817.19682668967
721 411.204494814064 4817.34348495785
722 411.268621104503 4817.28898793235
723 411.337526857269 4817.13079234485
724 411.29925992926 4817.11074722807
725 411.204296231911 4817.14465697864
726 411.304237576881 4816.98538509507
727 411.194614330175 4816.93795657356
729 416.118191641131 4813.15828299476
730 415.910995318373 4813.09299899214
731 415.641399195525 4812.96807714203
732 415.449084948647 4813.06445830067
733 415.493813038661 4813.08933343256
734 415.534168480002 4813.19135033443
735 415.683495881194 4813.18348146654
736 415.916757354529 4813.24998811999
737 415.798520137866 4813.18848509676
738 415.627084407036 4813.08477493364
739 415.666647834581 4812.98797681079
740 415.927097549102 4813.09968470376
741 416.184297120165 4813.15246175438
743 399.212243427617 4811.2262245994
744 399.324933374217 4811.28241492229
745 399.383290966166 4811.21767068806
746 399.442550242678 4811.46283569503
747 399.571172762139 4811.6327636306
748 399.680923460269 4811.86729191771
749 399.707685041435 4812.13749226482
750 399.837162178144 4812.25187053902
751 399.853104169031 4812.5023483463
752 399.973796366562 4812.64696314108
753 400.15390467036 4812.75537472582
754 400.15688724785 4812.98938266739
755 400.089696404322 4812.91073217531
756 400.154422575299 4812.73026226954
757 399.89336642913 4812.66881917639
758 399.813839475272 4812.52825904526
759 399.686880379189 4812.51204146232
760 399.668716646012 4812.27037250966
761 399.686556062088 4812.07171224679
762 399.624618985721 4811.84147032923
763 399.518266513695 4811.62333254617
764 399.4218759018 4811.42781970548
765 399.244706390579 4811.19430270381
767 409.884721220376 4806.10026401291
768 409.954717010032 4806.19896624646
769 410.004574835464 4806.3545869214
770 410.013091338075 4806.41023410741
771 409.967617957445 4806.28576757083
772 409.801392441242 4806.2222287622
773 409.670989744322 4806.32427506426
774 409.730732205653 4806.29204108751
775 409.835560685435 4806.17911870201
776 409.877397983966 4806.01883115516
777 409.996011306611 4805.78509785282
778 409.999144326043 4805.78316778082
779 408.483461096165 4794.35420044814
780 408.242484439941 4794.49075016168
781 408.104185930005 4794.55260531786
782 408.08890810896 4794.47894708712
783 408.003010374062 4794.33093785244
784 408.088829421417 4794.26379425636
785 408.217330320887 4794.19096409928
786 408.271317923308 4794.06160743602
787 408.313670134412 4794.10357629513
788 408.366583521774 4794.20660528737
789 409.479423861387 4794.09301405528
790 409.280754292114 4794.15565130248
791 409.049701581322 4794.22928118816
792 408.901406877249 4794.26059704367
793 408.521556376451 4794.27337838529
794 408.696830137046 4794.2092565536
795 408.913965147509 4794.25931747538
796 408.995863409899 4794.29220620394
797 408.936050875063 4794.38742384481
798 409.041722966828 4794.26348841496
799 409.202045593781 4794.11860661143
800 409.23421608256 4794.06719211372
801 409.299508316487 4793.92014297269
802 409.267098777464 4794.10529488678
803 409.27103614228 4794.07214175197
804 409.243276074024 4794.07728969749
805 409.270875007638 4794.15100732781
806 409.528795028716 4794.03537323424
808 410.152090637393 4794.62444163469
809 410.182608245479 4794.44187420595
810 410.174507542396 4794.24082501307
811 410.117504286377 4794.05975132312
812 410.042355485776 4794.00332274105
813 410.026654542737 4794.11627217414
814 410.094224382303 4794.17024638508
815 410.136467849344 4794.32119218306
816 410.111910102942 4794.53100516903
817 410.094766511085 4794.57799516415
818 419.460360872981 4806.83372632117
819 419.484795435152 4806.75734976653
820 419.581241669857 4806.58081575682
821 419.562581393108 4806.63224273601
822 419.573620190772 4806.47127755037
823 419.35445520682 4806.43479459821
824 419.309405521286 4806.44632917266
825 419.414899138961 4806.47816875314
826 419.470646764949 4806.43340750084
827 419.570541218876 4806.45754118927
828 419.562024258288 4806.66023976733
829 419.563902285404 4806.93334592225
830 419.592012570723 4806.93434385352
831 420.288441178089 4807.12312608415
832 420.42548923443 4807.04431329098
833 420.575379491572 4806.9486913397
834 420.379934831003 4807.14326098005
836 421.602948198387 4806.78173176812
837 421.709208915981 4806.67175879512
838 421.644430282859 4806.48368784672
839 421.651194279383 4806.48038824531
840 421.629589003014 4806.42599156775
841 421.687234678568 4806.5784909842
842 421.627759385184 4806.7775561099
843 421.526745086365 4806.69775812583
844 421.54792612992 4806.79925403943
846 422.048664749599 4771.34617626252
847 421.84645504933 4771.44456050409
848 421.78827901301 4771.41112973694
849 421.891220736987 4771.29488683486
850 422.025927245281 4771.14429657938
851 422.107987450134 4771.05217484572
852 422.260459557192 4771.17405255993
853 422.196798107398 4771.33782212484
854 422.184166158584 4771.31508662495
855 422.544557166459 4771.16027160914
856 422.428285685633 4771.00721106656
857 422.410793152493 4770.77883730161
858 422.289679142257 4770.63027663696
859 422.242229877136 4770.4240131585
860 422.187141781094 4770.23349727641
861 422.294278810588 4770.44074675577
862 422.34220989212 4770.66088825131
863 422.413760104503 4770.83933420935
864 422.485130907689 4771.07398200172
866 420.597475463028 4769.52687180121
867 420.558622706939 4769.63061492688
868 420.683186104579 4769.80498430166
869 420.661709139427 4769.85554664802
870 420.507013498207 4769.771491764
871 420.610848553522 4769.54959589616
872 420.605392296452 4769.47246855235
873 414.347579316292 4784.90372003992
874 414.381294510552 4785.02625112043
875 414.433944517504 4785.11711075471
876 414.470152980183 4785.28948186349
877 414.606652095706 4785.32353017294
878 414.662586145752 4785.17821282072
879 414.611771793913 4785.01979715493
880 414.456335091461 4784.92745239569
881 414.434161047864 4784.86975234551
882 412.769556676148 4786.89154486604
883 412.653116619809 4786.91259002628
884 412.483675426437 4786.89211238386
885 412.39071483402 4786.73736503692
886 412.345282520065 4786.53990894762
887 412.328619120626 4786.33752784466
888 412.353374276962 4786.55013427586
889 412.31938196209 4786.76716431474
890 412.35919780135 4786.98257543082
891 412.301230522241 4787.17925569234
892 412.287046557195 4787.05570399874
893 412.355510185759 4786.84156091234
894 412.363464537739 4786.61453719002
895 412.611764719946 4786.55813462872
896 412.757857855079 4786.43596548692
898 413.417836404707 4786.88491613443
899 413.279930339768 4786.89145157714
900 413.241872800963 4787.04032996602
901 413.283191791511 4787.19141576489
902 413.298834012767 4787.44334989327
903 413.132839114874 4787.44980302215
904 413.169029086207 4787.28228753956
905 413.175858864247 4787.20667111302
906 413.182036699231 4787.2515763819
907 413.138643774476 4787.11628990971
908 413.097073492688 4786.95854379185
909 412.931525178702 4786.84870314276
910 412.903170301409 4786.84162483654
911 412.974727499263 4786.30300719518
912 413.04892258023 4786.43912013042
913 413.163626480436 4786.66912714981
914 413.384814176871 4786.74105457469
916 447.114219608478 4813.17938273119
917 446.966387871102 4813.38934675473
918 446.944510983635 4813.47703809509
919 446.840720691862 4813.47541304114
920 446.975823520403 4813.45768837101
921 446.892358318613 4813.53076022288
922 446.923401557417 4813.50808042604
923 446.942328692719 4813.62099527839
924 446.923592793446 4813.59393202076
925 447.013678994795 4813.797026631
926 446.976046376529 4813.69147803007
927 447.072426155803 4813.77979389621
928 447.147559830366 4813.87172082656
929 447.153097624693 4813.8662351927
930 447.148277880842 4814.00443765376
931 446.993343765959 4814.00854307776
932 446.987323221973 4813.92184880536
933 446.953796180198 4813.88568353331
934 446.868202281881 4813.82149639039
935 446.897694514348 4813.59202593154
936 446.903140787099 4813.48258414764
937 446.936404353744 4813.45422260919
938 443.246304688403 4805.85512803602
939 443.265121879024 4805.8008814846
940 443.281540988579 4805.84672422343
941 443.33807970937 4805.89678381968
942 443.271624903927 4806.05438707556
943 443.210658072613 4806.07466913114
944 443.119390864172 4806.23725856697
945 443.118097629252 4806.26636838728
946 443.10624202605 4806.32966405498
947 442.975888128415 4806.0724276209
948 443.171540986515 4806.05478454648
949 443.328661009555 4805.91307828597
950 443.1758497061 4805.75853921581
952 430.836330123721 4830.07496940413
953 430.77527438743 4830.14801942997
954 430.768821065056 4830.19506993771
955 430.765766224833 4830.28207158441
956 430.709207622076 4830.11871264846
957 430.792411316983 4830.08064331417
958 430.781219954581 4830.06743017341
959 430.756037938152 4830.02781520239
960 430.766794428574 4829.97549980931
961 430.794915705066 4829.94810753725
962 430.823930649394 4829.9603591624
963 430.813842189583 4829.99145264199
964 430.81129714015 4829.94816051493
965 430.832589195094 4829.96271338158
966 430.89867578063 4829.91560310137
967 430.883897642422 4829.9692926085
968 430.840553293396 4830.01505755252
969 430.86078794186 4830.01318263997
970 430.874957864109 4830.04136001382
971 430.878924656358 4830.05042706371
972 431.43176482364 4830.13860324701
973 431.584017599634 4830.1690357883
974 431.612915316626 4830.00402015316
975 431.645044642078 4829.97370272718
976 431.624660516928 4829.78697563345
977 431.629178305212 4829.81058798231
978 431.612348944563 4829.80620574169
979 431.535826278302 4829.85130508654
980 431.496822003765 4829.82482415151
981 431.490283662645 4829.74569625962
982 431.447632680493 4829.78878431058
983 431.506054158538 4829.6464583417
984 431.563228931878 4829.57145562826
985 431.454150339508 4829.73962356144
986 431.426516504241 4829.81499135008
987 431.405755408284 4829.9231664108
988 431.376946786717 4830.00187865964
989 431.435967115973 4830.08402357818
990 431.625501090127 4830.24891781103
992 436.737839587087 4822.2391889824
993 436.713274434254 4822.16989093152
994 436.687653773476 4822.13436801912
995 436.666074803752 4822.16767013639
996 436.65095381022 4822.0119823259
997 436.665992971186 4822.0476048635
998 436.633273654762 4821.99615508823
999 436.566528219564 4821.96035426909
1000 436.617372393376 4821.81781657862
1001 436.662299977473 4821.70732309911
1002 436.698611456373 4821.67688106188
1003 436.771779674307 4821.68241191264
1004 436.850637164492 4821.62280347843
1005 436.86874401734 4821.63240739893
1006 436.842450105209 4821.68008111991
1007 436.806059747308 4821.80526523352
1008 436.836682373958 4821.88294790064
1009 436.832788352984 4821.80390316004
1010 436.804605734359 4821.85681507899
1011 436.885373726722 4821.96634758709
1012 436.863968823226 4822.14725856114
1013 436.778582565586 4822.31077835502
1014 436.716016933812 4822.28948686544
1015 436.708618758798 4822.3016631423
1016 444.435728789333 4829.23566961226
1017 444.435768889389 4829.30864115895
1018 444.442838821343 4829.34379120407
1019 444.477400225071 4829.50244355833
1020 444.557529519223 4829.58041653494
1021 444.639861743669 4829.75922228977
1022 444.558849595092 4829.92527286955
1023 444.483581256017 4829.91734379394
1024 444.490004766595 4829.78689627908
1025 444.511627987559 4829.72818415639
1026 444.493354057237 4829.61648965655
1027 444.535230377088 4829.58682088607
1028 444.429470900437 4829.50284082617
1029 444.413915173321 4829.42722122074
1030 402.769666496557 4833.64828226832
1031 402.977167354043 4833.8288955094
1032 403.158914782953 4833.88602722105
1033 403.219712126478 4833.81771893407
1034 403.22964910861 4833.53986182212
1035 403.331284602332 4833.42253123922
1036 403.310382007435 4833.22076904718
1037 403.168675308836 4833.06640926236
1038 403.120234291376 4832.78495348285
1039 403.089448608392 4832.54745441912
1040 403.092056902353 4832.30402897021
1041 403.074673258547 4832.07289015591
1042 403.033094260372 4831.85920883537
1043 402.966067239614 4831.62678977645
1044 402.906668565226 4831.57021959876
1045 402.841151262095 4831.8150017351
1046 402.683244207904 4832.05323970866
1047 402.51478424408 4832.21420889395
1048 402.373438636139 4832.39167222386
1049 402.400052987387 4832.6013470514
1050 402.459416528361 4832.87175296201
1051 402.52447312021 4833.14563121356
1052 402.587071324191 4833.41165875402
1054 422.921228990387 4834.27449973834
1055 422.848172072292 4834.35909343748
1056 422.838676636026 4834.37486473292
1057 422.731537959863 4834.37110259011
1058 422.694330677731 4834.3894156884
1059 422.697612257248 4834.38726731978
1060 422.692324708058 4834.37633181149
1061 422.701024703065 4834.39644726553
1062 422.695806652225 4834.39850692718
1063 422.704648057141 4834.39596110279
1064 422.702498611381 4834.3774361219
1065 422.832800542327 4834.36182544951
1066 422.920045295344 4834.23474795087
1067 423.045799901981 4834.1319988088
1068 423.004444768435 4834.21755913705
1069 423.019211942672 4834.18328874204
1070 423.015597824669 4834.16355869352
1071 423.075962002822 4834.25128144468
1072 409.958596965817 4774.71025183286
1073 409.901529010971 4774.56627966299
1074 409.940242635026 4774.39249689553
1075 409.894659630336 4774.16340353242
1076 409.744172366121 4774.17949965974
1077 409.590104050754 4774.08501942662
1078 409.500497973148 4773.98579933705
1079 409.69594209979 4774.12593531687
1080 409.864763084061 4774.1485818498
1081 410.056419464012 4774.15671418578
1082 409.945659562897 4774.26047261158
1083 409.894199637681 4774.49806760842
1084 409.938224714615 4774.70174625763
1086 409.135517930606 4774.85767831038
1087 409.073588200114 4774.72866099017
1088 409.010397958466 4774.56023052107
1089 408.978748904929 4774.41414921739
1090 408.850385340706 4774.39864773895
1091 408.952032136862 4774.59488653727
1092 408.949616585592 4774.80395603285
1093 409.018586688854 4774.92388151367
1095 411.358295904327 4775.2532630132
1096 411.240409533447 4775.05964534137
1097 411.186702293406 4774.86530432119
1098 411.310476876999 4774.69186657834
1099 411.369564815642 4774.46784607218
1100 411.414175158727 4774.48825873074
1101 411.417666223276 4774.7131315692
1102 411.580344311407 4774.91627860642
1103 411.428450595099 4774.9921122692
1104 411.43564415906 4775.11997236345
1105 411.466637381239 4775.20731572553
1106 433.371461733947 4805.27584339665
1107 433.412626424457 4805.40127685186
1108 433.355968523791 4805.51956740305
1109 433.165917503062 4805.65294993269
1110 433.085299849471 4805.7962482486
1111 433.0649011608 4805.80533586292
1112 433.258402756976 4805.74311056964
1113 433.267939761458 4805.75756616386
1114 433.32651034974 4805.54629229712
1115 433.400866063235 4805.31742578624
1116 433.395614752541 4805.24483942918
1117 432.42105453402 4805.42212332396
1118 432.46271299126 4805.69237895863
1119 432.403297030078 4805.9215513662
1120 432.386172992103 4806.13619512578
1121 432.480212545736 4806.18701162005
1122 432.591198865127 4806.27264656547
1123 432.681639082496 4806.32016970757
1124 432.751006050214 4806.46342236011
1125 432.578517674034 4806.29209903102
1126 432.521483759291 4806.1112948882
1127 432.569234878466 4805.86535767106
1128 432.526482370273 4805.62287931578
1129 432.406029772238 4805.51501539016
1130 432.421659493915 4805.44210948639
1131 431.423314156454 4805.59300918531
1132 431.427581309557 4805.78988988346
1133 431.290483290697 4805.98165482582
1134 431.326868297943 4806.17509893457
1135 431.405790190481 4806.26748293306
1136 431.357151553281 4806.09515492831
1137 431.349703461431 4805.91219002265
1138 431.448929033225 4805.72292107454
1139 431.346560856784 4805.60311888193
1140 431.353081234603 4805.55940275724
1141 433.167231459546 4783.19413092211
1142 433.223030561599 4783.29942636288
1143 433.341801020212 4783.26416447371
1144 433.321814769608 4783.22293371029
1145 433.445167603489 4783.29869228629
1146 433.509060567396 4783.34315900081
1147 433.42323055682 4783.18262349753
1148 433.430154138169 4783.06816027368
1149 433.336449177278 4783.16581460717
1150 433.33060556598 4783.15820851131
1151 434.083333099095 4783.44218928387
1152 434.024208211027 4783.67088697514
1153 434.095049068825 4783.5360353266
1154 434.097592830676 4783.53023537424
1155 434.098713557488 4783.53688831422
1156 434.154995780621 4783.53445494859
1157 434.226180405536 4783.66148879763
1158 434.137066891856 4783.4450004702
1159 434.221633649806 4783.40986325866
1160 434.303583228565 4783.37286432943
1161 434.159952322218 4783.24919630707
1162 433.992852034549 4783.31156801047
1163 433.929390083056 4783.43657538078
1164 433.986452652524 4783.51443189756
1165 431.876485228585 4782.34785950565
1166 431.978836963614 4782.34372536489
1167 432.17547726673 4782.25213318369
1168 432.359611298842 4782.20176474396
1169 432.362942630831 4782.37332511043
1170 432.164746226591 4782.39840018945
1171 432.048308044404 4782.36713182592
1172 432.281055453911 4782.31072248659
1173 432.27661317271 4782.10940810883
1174 432.052066242421 4782.22271126468
1175 431.999314515274 4782.26233291253
1176 446.109200277243 4770.16325787549
1177 446.310781413164 4770.25928913098
1178 446.284057232172 4770.45285012085
1179 446.258565830424 4770.67871929261
1180 446.231137704979 4770.92714858294
1181 446.246200881213 4771.12415691235
1182 446.314890833557 4771.2475564253
1183 446.460449891617 4771.25141066421
1184 446.309837476208 4771.09144939493
1185 446.208370170706 4770.91977605492
1186 446.266284618019 4770.72863435406
1187 446.119161832039 4770.58997270963
1188 446.162581923887 4770.37751057159
1189 446.072694514106 4770.21019019611
1190 446.03451166337 4770.23026009739
