#TrapID X Y
1 402.979001 4833.593701
2 403.0018972 4833.514943
3 402.9521491 4833.327263
4 402.9086876 4833.222806
5 402.8739757 4833.104337
6 402.8327561 4832.926643
7 402.8904682 4832.800946
8 403.0364081 4832.762172
9 403.147452 4832.709022
10 403.2082651 4832.59639
11 403.1809064 4832.439489
12 403.1299662 4832.470664
13 404.0359116 4833.232657
14 404.0456308 4833.381704
15 404.0436073 4833.550027
16 404.0321584 4833.674162
17 404.0258264 4833.823218
19 404.0489231 4833.380657
20 404.047239 4833.381348
21 404.0214173 4833.2232
22 404.0179866 4833.248355
24 405.2251082 4831.882704
25 405.2085785 4832.060117
26 405.2587903 4832.170491
27 405.3489411 4832.275523
28 405.3899985 4832.326375
29 405.4285694 4832.509674
30 405.4131174 4832.540885
31 405.4078357 4832.521076
32 405.4006269 4832.650368
33 405.4487018 4832.769882
34 405.5620591 4832.828045
35 405.6859141 4832.967265
36 405.6552212 4833.079004
37 405.5833633 4833.211763
39 422.9790386 4834.196303
40 422.8714571 4834.301287
41 422.7504074 4834.370996
42 422.6649477 4834.372983
43 422.6345827 4834.452976
44 422.6766267 4834.371737
45 422.7927629 4834.365508
46 422.8976376 4834.27777
47 422.9560532 4834.245219
48 423.2376917 4832.988596
49 423.3412337 4833.084935
50 423.4253894 4833.179053
51 423.5818987 4833.231358
52 423.7175893 4833.198154
53 423.8713255 4833.233836
54 423.9989753 4833.19562
55 424.137853 4833.251249
56 424.2802347 4833.246082
57 424.3860421 4833.187682
58 424.5326586 4833.278998
59 424.6398249 4833.362652
60 424.5395879 4833.278364
61 424.412919 4833.189267
62 424.2386099 4833.238444
63 424.0968179 4833.217391
64 423.9497261 4833.184294
65 423.8335524 4833.2316
66 423.7214967 4833.194222
67 423.56747 4833.225081
68 423.4191668 4833.163907
69 423.3249175 4833.061796
70 423.2507268 4833.042097
71 423.8437248 4834.501085
72 423.9601588 4834.471548
73 424.1111434 4834.430846
74 424.2393445 4834.343531
75 424.3540958 4834.314575
76 424.4278509 4834.40438
77 424.5461842 4834.500014
78 424.700022 4834.576478
79 424.6880612 4834.574169
80 424.5828657 4834.527702
81 424.4733011 4834.43008
82 424.3365282 4834.301445
83 424.2221103 4834.345615
84 424.1108222 4834.423852
85 423.9375883 4834.479468
87 421.1031516 4830.173067
88 421.1205451 4830.046568
89 421.0554296 4829.971803
90 420.9817807 4829.864704
91 420.9613884 4829.791523
92 420.9381689 4829.718153
93 420.9264056 4829.836033
94 421.0154653 4829.90174
95 421.0889803 4830.072931
97 421.0203558 4829.433384
98 420.8936158 4829.437322
99 420.7821586 4829.471073
100 420.6605043 4829.475067
101 420.5125229 4829.511587
102 420.3973934 4829.602815
103 420.2617763 4829.640416
104 420.1512513 4829.657061
105 420.0192463 4829.740165
106 419.8912219 4829.791457
107 419.8884533 4829.78938
108 420.0376789 4829.729393
109 420.1406531 4829.668406
110 420.3012106 4829.617621
111 420.4028615 4829.573981
112 420.5355311 4829.505427
113 420.6811905 4829.477266
114 420.8196577 4829.448192
115 420.9762062 4829.433015
116 420.9743502 4829.433037
117 420.9017103 4829.04957
118 420.7796606 4829.041236
119 420.6739367 4828.946183
120 420.5517906 4828.895868
121 420.4468405 4828.825691
122 420.3159322 4828.785481
123 420.3593768 4828.794073
124 420.4590524 4828.834543
125 420.5715642 4828.902632
126 420.7092198 4828.988197
127 420.8144269 4829.053266
128 420.8694824 4829.054282
129 431.4898062 4830.196211
130 431.5286114 4830.345541
131 431.5815769 4830.498946
132 431.5385545 4830.607904
133 431.4097483 4830.494483
134 431.4242522 4830.468899
135 431.5222885 4830.374262
136 431.4562036 4830.279526
137 431.332872 4830.252244
138 431.1708981 4830.163048
139 431.1421583 4830.146016
140 431.5010148 4830.408579
142 431.4563604 4830.279081
144 431.1432811 4830.145338
145 431.0738281 4830.131835
146 430.9600563 4830.061697
147 430.7876426 4830.064254
148 430.9072851 4830.085345
149 431.0250742 4830.083242
150 431.1485167 4830.152282
151 431.2834297 4830.238533
152 431.3971732 4830.275021
153 431.1432811 4830.145338
155 430.7756379 4830.08948
158 431.1485859 4830.15117
160 431.3991777 4830.273779
161 431.4606377 4830.271262
162 431.4406445 4830.146843
163 431.5453732 4830.145994
164 431.6195015 4830.277747
165 431.6711391 4830.332756
166 431.3991777 4830.273779
169 431.6487456 4830.241572
170 431.6336626 4830.123545
171 431.5275857 4830.126738
172 431.3910933 4830.075264
173 431.2991446 4829.976907
174 431.2871584 4829.901834
175 431.3995059 4829.848701
176 431.4608316 4829.730114
177 431.5327172 4829.618084
178 431.6086651 4829.453144
179 431.5960389 4829.489038
180 431.5481201 4829.601266
181 431.4651388 4829.70941
182 431.4258734 4829.886195
183 431.4251225 4830.049369
185 432.6080528 4830.272062
186 432.621208 4830.248272
187 432.5444121 4830.274369
188 432.5240056 4830.259135
189 432.6245805 4830.262677
190 432.5229149 4830.279028
191 442.148624 4829.194044
192 442.2278162 4829.140937
193 442.3069274 4829.12515
194 442.3016823 4829.125195
195 442.1840846 4829.160529
196 442.098652 4829.19181
197 442.0762897 4829.284191
198 442.0379669 4829.182561
199 442.2278162 4829.140937
200 442.3140421 4829.098543
201 442.1000161 4829.19091
202 442.0898102 4829.205215
203 442.0629678 4829.302077
204 443.2160189 4829.307202
205 443.1820732 4829.405675
206 443.2961856 4829.492453
207 443.4401059 4829.535553
208 443.5591657 4829.549321
209 443.4402414 4829.608968
210 443.407923 4829.642339
211 443.51615 4829.558236
212 443.4242225 4829.527579
213 443.2770583 4829.482618
214 443.1783329 4829.392823
215 443.0979651 4829.393505
216 442.978474 4829.291559
217 443.0991242 4829.178355
218 443.1859537 4829.206607
219 444.7625918 4829.142225
220 444.6515962 4829.186901
221 444.5390855 4829.233592
222 444.4735992 4829.394294
223 444.5240565 4829.48473
224 444.535471 4829.606145
225 444.52186 4829.745759
226 444.5441854 4829.703591
227 444.5394482 4829.589451
228 444.5003039 4829.461825
229 444.4771211 4829.361611
230 444.5639215 4829.24105
231 444.6740848 4829.203265
232 444.7995387 4829.170021
233 444.6370009 4829.198018
234 444.4906639 4829.311185
235 444.5229276 4829.436092
236 444.5473904 4829.68135
237 444.5457927 4829.7028
238 444.5133765 4829.539798
239 444.5014863 4829.370739
240 444.6630344 4829.203912
243 407.1350259 4826.180182
244 407.285362 4826.126116
245 407.3082022 4826.107694
246 407.2594032 4826.251886
247 407.1770035 4826.231809
249 408.2364117 4825.061099
250 408.1766394 4825.036923
251 408.140241 4825.062415
252 408.1125581 4825.181762
253 408.0086473 4825.119092
254 408.0762232 4825.211807
255 408.1978285 4825.204366
256 408.2300578 4825.216589
257 416.9609042 4826.293072
258 416.8437151 4826.205995
259 416.7462853 4826.169326
260 416.6732896 4826.039161
261 416.5798715 4825.955236
262 416.436536 4825.980568
263 416.5141332 4825.909068
264 416.511772 4825.790688
265 416.541909 4825.649245
266 416.5989294 4825.565561
267 416.594067 4825.564177
268 416.4965025 4825.28392
269 416.5254841 4825.412965
270 416.565994 4825.540533
271 416.5290334 4825.698279
272 416.5289262 4825.832462
273 416.486434 4825.954288
274 416.6082236 4825.994983
275 416.6921927 4826.098352
276 416.8008831 4826.189976
277 416.9224818 4826.254893
279 415.4330858 4826.013135
280 415.3497953 4826.067614
281 415.2722905 4826.145348
282 415.1095334 4826.115637
283 414.9934278 4826.154541
284 415.0025403 4826.312934
285 415.0007364 4826.444585
286 414.9730548 4826.350075
287 414.9575013 4826.193207
288 414.8325769 4826.179685
289 414.7574355 4826.061563
290 414.7655024 4826.080011
291 414.8548603 4826.185845
292 415.0264129 4826.13224
293 415.1652321 4826.120708
294 415.3009856 4826.128546
295 415.3455026 4826.085774
296 416.5284648 4825.483795
297 416.5369746 4825.36939
298 416.4468966 4825.301643
299 416.3292408 4825.302109
300 416.2284089 4825.246496
301 416.0946833 4825.182519
302 415.9596168 4825.147109
303 415.8456818 4825.077447
304 415.9473519 4825.141487
305 416.0916717 4825.193554
306 416.1338484 4825.227572
307 416.1831644 4825.244839
308 416.2941626 4825.267335
309 416.3256765 4825.307708
310 426.5505357 4822.19036
311 426.6174116 4822.070447
312 426.5494408 4821.957229
313 426.5750551 4821.846654
314 426.669865 4821.746652
315 426.7480303 4821.683377
316 426.7052829 4821.549445
317 426.6313279 4821.458284
318 426.551103 4821.348087
319 426.4924065 4821.219218
320 426.5100349 4821.161379
321 426.5835334 4821.032841
322 426.6551544 4820.939314
323 426.6809755 4820.906376
324 426.594521 4821.010507
325 426.5258124 4821.148544
326 426.4875105 4821.229602
327 426.5599735 4821.339105
328 426.6101289 4821.477731
329 426.7038602 4821.552348
330 426.7589214 4821.674483
331 426.6847133 4821.782034
332 426.6371581 4821.881186
333 426.6006671 4822.001987
334 426.5383788 4822.098191
335 426.4963976 4822.174735
336 427.8054671 4822.847855
337 427.8411935 4822.737065
338 427.8503256 4822.587019
339 427.8499397 4822.438297
340 427.7722087 4822.34672
341 427.6642681 4822.240807
342 427.6728123 4822.133975
343 427.6838163 4822.015453
344 427.5569953 4821.904969
345 427.4457725 4821.832751
346 427.4748902 4821.783342
347 427.5744891 4821.871459
348 427.7198068 4821.958974
349 427.7317122 4822.066808
350 427.7499967 4822.219447
351 427.8748298 4822.303632
352 427.9366545 4822.411153
353 427.904964 4822.506904
354 427.9227734 4822.660882
355 427.8958131 4822.78324
356 427.8494791 4822.846605
357 428.718283 4821.576213
358 428.699314 4821.418026
359 428.699195 4821.239312
360 428.7065375 4821.116499
361 428.5489004 4820.972669
362 428.5031828 4820.754011
363 428.5002182 4820.634862
364 428.4876685 4820.716078
365 428.5278663 4820.863931
366 428.5368715 4820.973686
367 428.6615724 4821.112756
368 428.7028543 4821.226278
369 428.6753123 4821.379516
370 428.6902854 4821.480877
371 428.699522 4821.528984
372 428.6975995 4821.363063
373 428.706754 4821.235899
374 428.644376 4821.091279
375 428.5383806 4820.971226
376 428.5305042 4820.861238
377 428.5120159 4820.771577
378 428.4906556 4820.655068
379 428.5363684 4820.630034
380 428.4971535 4820.741746
381 428.5331584 4820.882868
382 428.5766869 4821.032575
383 428.7141527 4821.110754
384 428.708824 4821.217773
385 428.6882939 4821.384599
386 428.6799154 4821.402126
387 435.9729623 4821.602677
388 436.0543285 4821.629003
389 436.1312559 4821.545413
390 436.113728 4821.452393
391 436.1377317 4821.317215
392 436.2210106 4821.212796
393 436.3279345 4821.105044
394 436.4148158 4820.996484
395 436.5697941 4820.919937
396 436.513245 4820.92969
397 436.4823935 4820.914098
398 436.3612365 4821.029646
401 436.0467695 4821.615746
404 436.1007625 4821.456848
405 436.7339509 4822.272324
406 436.6996158 4822.16069
407 436.6542906 4822.100251
408 436.6618479 4822.053531
409 436.6736767 4821.980002
410 436.726585 4821.859104
411 436.7853478 4821.836448
412 436.8146822 4821.863051
413 436.8894874 4821.922659
414 436.9498404 4822.043602
415 436.8982441 4822.106618
416 436.7901923 4822.22248
418 411.5003744 4816.971139
419 411.2928604 4817.017859
420 411.209551 4817.144588
421 411.098634 4817.194927
422 411.2337033 4817.265344
423 411.1627951 4817.375693
424 411.234686 4817.315317
425 411.3078507 4817.179725
426 411.2638767 4817.186747
427 411.1386964 4817.191732
428 411.2032214 4817.155112
429 411.2979737 4817.025456
430 411.3974532 4817.064133
432 411.9668808 4816.726534
433 412.1017187 4816.661679
434 412.1907595 4816.594425
435 412.2201241 4816.477521
436 412.2431535 4816.513432
437 412.3506227 4816.60045
438 412.4446792 4816.638769
439 412.3187819 4816.577094
440 412.2021346 4816.592389
441 412.0889127 4816.659403
442 412.0334991 4816.707113
443 413.3901589 4816.359392
444 413.5295276 4816.362376
445 413.6534264 4816.388665
446 413.7489204 4816.394439
447 413.5384778 4816.360373
448 413.4440547 4816.33104
449 413.3713 4816.339196
451 418.8716903 4816.676729
452 418.7983759 4816.799352
453 418.8300568 4816.952253
454 418.8299629 4817.085212
455 418.8809368 4817.242435
456 418.8766512 4817.349674
457 418.8631668 4817.451692
458 418.8148286 4817.646768
459 418.8320825 4817.549036
460 418.7988103 4817.525334
461 418.7203625 4817.663793
462 418.7423668 4817.591328
463 418.8346919 4817.490579
464 418.8549936 4817.323721
465 418.7959102 4817.18459
466 418.7685527 4817.061627
467 418.7754683 4816.911148
468 418.8018928 4816.755768
469 418.8447627 4816.716819
470 420.6766315 4816.527918
471 420.6877494 4816.641083
472 420.7610657 4816.783394
473 420.7674957 4816.903723
474 420.793985 4816.942287
475 420.7461409 4816.827444
476 420.7161959 4816.67407
477 420.6674476 4816.61311
478 420.5873208 4816.64771
479 420.4920451 4816.611403
480 420.5951309 4816.501
481 420.6434263 4816.502874
482 420.6447399 4816.511411
483 421.5843359 4817.642793
484 421.4445687 4817.685632
485 421.3782573 4817.607988
486 421.4219955 4817.566491
487 421.4237536 4817.467836
488 421.3726821 4817.359247
489 421.2493413 4817.279384
490 421.16043 4817.274538
491 421.1278761 4817.387327
492 421.1925346 4817.288935
493 421.3232626 4817.329835
494 421.4100616 4817.410016
495 421.4526223 4817.516816
496 421.5022083 4817.505241
497 421.5503214 4817.492128
498 421.5445653 4817.539291
499 421.5412689 4817.527
500 443.2252245 4817.482533
501 443.1872458 4817.5897
502 443.1390949 4817.602657
503 443.0390071 4817.534643
504 443.0136734 4817.41646
505 443.0144011 4817.559619
506 442.98075 4817.680967
507 442.9888357 4817.738431
508 443.0751545 4817.631631
509 443.2014322 4817.670992
510 443.2360188 4817.516317
512 443.5345905 4819.522445
513 443.4378203 4819.566352
514 443.4536742 4819.673732
515 443.4796608 4819.756036
516 443.5833126 4819.829469
517 443.5873912 4819.805111
518 443.6935363 4819.780897
519 443.7469047 4819.610962
520 443.7606688 4819.498114
521 443.8042685 4819.357917
523 444.7812116 4819.155011
524 444.7202901 4819.019344
525 444.6402573 4818.91871
526 444.51824 4818.823643
527 444.4537391 4818.744874
528 444.3112541 4818.736057
529 444.3734409 4818.62281
530 444.5246905 4818.596459
531 444.6378016 4818.561541
532 444.6616063 4818.419291
533 444.7136735 4818.342338
534 444.7076772 4818.261864
535 444.6699894 4818.387013
536 444.6533962 4818.54131
537 444.5424177 4818.599645
538 444.4064155 4818.642085
539 444.4111568 4818.775659
540 444.4680872 4818.90658
541 444.4287069 4819.050847
542 444.4632921 4819.147967
543 444.6463768 4819.210431
544 444.7169886 4819.217403
545 446.8937893 4813.45578
546 446.8293131 4813.546807
547 446.8089504 4813.549411
548 446.8052636 4813.584425
549 446.7787866 4813.724243
550 446.8084723 4813.837073
551 446.8324457 4813.902634
552 446.8307451 4813.799912
553 446.7845986 4813.712535
554 446.8088976 4813.604166
555 446.6898247 4813.500707
556 446.6000987 4813.385577
557 446.7262888 4813.386243
558 446.9177494 4813.386176
559 447.0415071 4813.283244
560 447.0718134 4813.187157
562 447.8177896 4815.338324
563 447.8555155 4815.343918
564 447.7991117 4815.40111
565 447.7119665 4815.487639
566 447.6809322 4815.593836
567 447.5752522 4815.667184
568 447.5009258 4815.685867
569 447.6830143 4815.580826
570 447.6891725 4815.457607
571 447.7157745 4815.332452
572 447.7837024 4815.343142
573 448.4896649 4814.60612
574 448.4960252 4814.612958
575 448.6261287 4814.610298
576 448.6492549 4814.482619
577 448.5418351 4814.480107
578 448.5486474 4814.419081
579 448.7177529 4814.42923
580 448.8489303 4814.471659
581 448.9671298 4814.402568
582 449.0295496 4814.304359
583 449.0775799 4814.185379
584 449.026365 4814.161443
585 448.9802034 4814.249423
586 448.9547269 4814.28138
587 399.4923025 4811.738246
588 399.5218414 4811.863108
589 399.576875 4811.993699
590 399.7065039 4812.10163
591 399.6295397 4812.215303
592 399.647367 4812.352781
593 399.675686 4812.493879
594 399.6933916 4812.645022
595 399.6687445 4812.473321
596 399.6445098 4812.323942
597 399.6516852 4812.186314
598 399.681692 4812.082004
599 399.5921459 4812.024686
600 399.5449176 4811.885647
601 399.4877765 4811.700657
603 400.6797445 4812.100323
604 400.6401909 4812.216765
605 400.6187312 4812.374819
606 400.6547158 4812.510365
607 400.751818 4812.384077
608 400.8277045 4812.300536
609 400.9113068 4812.328854
610 401.0160518 4812.413848
611 401.0488431 4812.569438
612 401.0330914 4812.725518
613 401.006248 4812.881095
615 401.4335901 4812.552023
616 401.5407676 4812.626992
617 401.6487685 4812.725278
618 401.7309222 4812.860155
619 401.7136733 4812.997815
620 401.7297032 4813.153763
621 401.7002061 4813.261499
622 401.7585749 4813.419162
623 401.7425569 4813.557916
624 401.6606578 4813.683745
625 401.617528 4813.805011
626 401.5420008 4813.796339
627 401.6272754 4813.663683
628 401.6819836 4813.559577
629 401.709675 4813.450201
630 401.6906872 4813.274524
631 401.7285845 4813.1159
632 401.7097995 4812.970768
633 401.7291629 4812.822746
634 401.6389583 4812.707314
635 401.4986161 4812.594172
637 407.7617573 4813.435254
638 407.7795246 4813.385691
639 407.7639074 4813.285045
640 407.804386 4813.198293
641 407.7696824 4813.110016
642 407.8438079 4813.063792
643 407.9129363 4813.178702
644 407.9857594 4813.250353
645 407.9031571 4813.339235
646 407.8577208 4813.382955
647 408.7212607 4812.742491
648 408.7393249 4812.696259
649 408.7694375 4812.631537
650 408.6676276 4812.576155
651 408.5311755 4812.579672
652 408.6961778 4812.587209
653 408.637665 4812.633989
654 408.562126 4812.719878
655 408.6182155 4812.798761
657 409.8989609 4812.824831
658 409.6288136 4812.487661
661 409.3019541 4812.189364
664 409.5074204 4812.365438
665 409.5931289 4812.54179
666 409.6628955 4812.603614
667 409.7906266 4812.704206
668 409.8742528 4812.792282
669 409.9392198 4812.858616
670 410.1277022 4812.84388
671 410.3456736 4812.783327
673 416.1116424 4813.171582
674 415.9397687 4813.090751
675 415.9805004 4813.10024
676 415.8164341 4813.055303
677 415.6761147 4812.994523
678 415.5351959 4812.995844
679 415.4841351 4813.117557
680 415.5608115 4813.077275
681 415.5780621 4813.078724
682 415.6458301 4813.082874
683 415.7169494 4813.147963
684 415.6240643 4813.147237
685 415.4929103 4813.120557
686 415.581485 4813.119446
687 415.6915 4813.176606
688 415.5845443 4813.085974
689 415.4578587 4813.080232
690 415.5590022 4812.978106
691 415.7022218 4812.99253
692 415.8383329 4813.059695
693 415.9750558 4813.098309
694 416.0379577 4813.127515
695 416.5710412 4812.645489
696 416.4829744 4812.642359
697 416.3714803 4812.655183
698 416.2501867 4812.725779
699 416.3611177 4812.739396
700 416.4664122 4812.761748
701 416.4307461 4812.925916
702 416.3412654 4813.056207
703 416.3154901 4813.163049
704 416.2713363 4813.158044
705 416.3621968 4813.11304
706 416.3754124 4813.017573
707 416.4673517 4812.896249
708 416.4500687 4812.735626
709 416.3158646 4812.737292
710 416.2660479 4812.680485
711 416.4590464 4812.60489
712 416.5441692 4812.625051
713 416.6903978 4812.640347
714 416.8123597 4812.6234
715 416.9390525 4812.530755
716 417.0023548 4812.487322
717 417.2489671 4812.381878
718 417.321594 4812.557373
719 417.3773113 4812.456056
720 417.4882182 4812.467582
721 417.3913009 4812.475211
722 417.331814 4812.52648
723 417.3953849 4812.61034
724 417.4679331 4812.628
725 417.5232732 4812.64776
726 417.6286704 4812.692011
727 417.502254 4812.63591
728 417.3660821 4812.60259
729 417.3098285 4812.462326
731 408.1555856 4804.397306
732 408.2264763 4804.558738
733 408.3101898 4804.644575
734 408.2955292 4804.716308
735 408.1860759 4804.822652
736 408.0549153 4804.780116
737 407.9153584 4804.727923
738 408.0387753 4804.77867
739 408.1791435 4804.837075
740 408.3114452 4804.880264
741 408.2734077 4804.775479
742 408.3541513 4804.696407
743 408.2285359 4804.561265
745 408.801904 4806.173675
746 408.6954278 4806.151566
747 408.7040133 4806.031819
748 408.6730745 4805.977921
749 408.6717742 4805.845867
750 408.6389626 4805.731456
751 408.6683345 4805.603542
752 408.7935334 4805.607959
753 408.8859821 4805.670358
754 408.9611663 4805.689894
755 408.8040987 4805.670575
756 408.70449 4805.707688
757 408.6642082 4805.82542
758 408.6153282 4805.960041
759 408.7087639 4806.035754
760 408.8055174 4806.081432
761 408.8233457 4806.142173
762 409.9432097 4806.125587
763 409.9040825 4805.924615
764 410.0619994 4805.649704
767 409.9690396 4805.317268
768 410.0198401 4805.354801
769 410.1721768 4805.438413
770 410.013461 4805.520391
771 410.048963 4805.649989
772 409.9714909 4805.786646
773 409.8924304 4805.889003
774 409.8755619 4806.032962
775 409.9588394 4806.089056
776 419.6135574 4806.921203
777 419.5797148 4806.840078
778 419.5780122 4806.72436
779 419.5862281 4806.625519
780 419.5881382 4806.554742
781 419.6036339 4806.455148
782 419.5543054 4806.365877
783 419.60485 4806.203664
784 419.660218 4806.303637
785 419.6885872 4806.421481
786 419.7974535 4806.341991
787 419.6946404 4806.39253
788 419.689795 4806.352823
789 419.6039143 4806.199899
790 419.5506027 4806.347372
791 419.5751133 4806.44027
792 419.5735944 4806.55747
793 419.4919794 4806.735049
794 419.4782491 4806.880608
795 419.6128261 4806.920989
797 420.963887 4806.712878
798 420.963958 4806.546046
799 421.072652 4806.416153
800 421.1127869 4806.344153
801 421.1027009 4806.180995
802 420.9635583 4806.242157
803 420.9657912 4806.149274
804 421.0325506 4806.047862
805 421.0782834 4805.96269
806 421.0084731 4806.038813
807 421.0109006 4806.02479
808 420.9247708 4806.117988
809 420.9293837 4806.255997
810 421.0246681 4806.204788
811 421.1084254 4806.248126
812 421.112549 4806.275291
813 421.5789393 4806.847987
814 421.6623438 4806.722396
815 421.7148831 4806.623377
816 421.6513026 4806.489717
817 421.5329635 4806.389794
818 421.5408556 4806.27452
819 421.6267763 4806.162783
820 421.742891 4806.091572
821 421.8067677 4805.963988
822 421.7052312 4805.895856
823 421.8094532 4805.853218
824 421.8030338 4805.956256
825 421.7282002 4806.095741
826 421.6033167 4806.178939
827 421.5250437 4806.2867
828 421.5524015 4806.417891
829 421.6633249 4806.541781
830 421.6949783 4806.680587
831 421.5949846 4806.793265
833 431.364999 4805.202086
834 431.3677253 4805.295022
835 431.4498963 4805.315624
836 431.4782058 4805.359875
838 431.0593588 4805.695899
840 431.1859519 4805.649514
841 431.0966601 4805.684745
842 431.1206024 4805.761249
843 431.0346067 4805.849427
844 430.8855743 4805.910483
845 430.9124782 4806.007171
846 430.8793274 4805.925208
847 430.815764 4805.815346
848 430.8513077 4805.735457
849 430.9723058 4805.807413
851 432.4597996 4805.506369
852 432.4298076 4805.633176
854 432.37665 4806.042438
855 432.374892 4806.044788
856 432.2733481 4806.319811
858 432.3776304 4806.487922
860 432.5936141 4806.887495
863 432.8497483 4807.142286
864 432.788708 4807.078141
865 432.7965832 4806.925789
866 432.8953161 4806.814849
868 433.2118521 4805.204226
869 433.1693782 4805.339816
870 433.0902091 4805.490763
871 433.1043238 4805.47674
872 433.0122522 4805.616599
873 432.9837745 4805.725616
874 433.0152953 4805.85803
875 433.129292 4805.76538
876 433.2417321 4805.695183
877 433.3288031 4805.557043
878 433.3801298 4805.440249
879 433.4115817 4805.303548
880 433.3792418 4805.210681
881 443.3341648 4805.951349
882 443.2728999 4805.839911
883 443.1606212 4805.767664
884 443.2807017 4805.8143
885 443.3865645 4805.836291
886 443.423414 4805.923723
887 443.2998646 4806.022941
888 443.212843 4806.093754
889 443.1504002 4806.150256
890 443.1100289 4806.269768
891 443.0279502 4806.129297
892 442.9950335 4806.057383
893 443.1635361 4806.056185
895 443.7690009 4805.570317
896 443.8186553 4805.435516
897 443.8288967 4805.391338
898 443.8479176 4805.487473
899 443.7979782 4805.607504
900 443.773147 4805.63059
901 445.3995195 4806.31428
902 445.3449291 4806.372475
903 445.250763 4806.492854
904 445.1710148 4806.583574
905 445.2122002 4806.560138
906 445.2761968 4806.463993
907 445.3361072 4806.392982
908 445.3928347 4806.358759
909 445.4968127 4806.289726
910 445.5831612 4806.203177
911 445.6248876 4806.155972
912 408.3409382 4794.421995
913 408.2319706 4794.553095
914 408.1354956 4794.588058
915 408.0558395 4794.565035
916 408.0357142 4794.469005
917 407.9862832 4794.377706
918 408.0060841 4794.246589
919 408.0927314 4794.246413
920 408.1633216 4794.174923
921 408.258987 4794.271485
922 408.3547238 4794.193548
923 408.4459755 4794.311943
924 408.5060689 4794.400214
925 408.4441508 4794.381056
927 408.9461136 4794.321199
928 408.9208069 4794.460494
929 408.9334702 4794.352359
930 408.9518151 4794.328897
931 409.076398 4794.259802
932 409.2122149 4794.181228
933 409.3292311 4794.158668
934 409.3761862 4794.053962
935 409.3569996 4793.917596
936 409.2781945 4793.770477
937 409.1760331 4793.7032
938 408.9974633 4793.698376
939 408.9913355 4793.652917
940 409.070318 4793.70384
941 409.2409898 4793.742984
942 409.2988929 4793.843842
943 409.3891946 4793.867849
944 409.4811504 4793.93071
945 409.5476252 4794.035899
946 409.4292011 4794.099017
947 409.2560392 4794.151872
948 409.1546515 4794.19033
949 409.0942366 4794.216687
950 410.1970272 4794.856437
951 410.192735 4794.76519
952 410.104925 4794.68327
953 410.0977054 4794.609946
954 410.1054347 4794.495436
955 410.1849309 4794.390638
956 410.1793211 4794.25509
957 410.1073327 4794.198174
958 410.1509941 4794.297007
959 410.0741985 4794.476968
960 410.0709234 4794.603081
961 410.1207292 4794.743263
962 410.1526284 4794.811818
963 431.6273848 4794.99246
964 431.5485051 4794.892409
965 431.5803424 4794.824115
966 431.5899578 4794.756156
967 431.5975162 4794.74153
968 431.5436266 4794.714641
969 431.4934644 4794.647286
970 431.5097152 4794.722203
971 431.4804778 4794.839007
972 431.4881941 4794.952328
974 432.5757912 4793.332406
975 432.5359554 4793.316143
976 432.5252315 4793.249499
977 432.5776437 4793.184226
978 432.506708 4793.141061
979 432.4177674 4793.106851
980 432.4037852 4793.152971
981 432.4862446 4793.269657
982 432.5045732 4793.342222
983 432.8405576 4794.301491
984 433.0275948 4794.388937
985 433.1088964 4794.341597
986 433.4817628 4794.370136
988 433.6161703 4794.410689
989 433.4924377 4794.391578
990 433.4033745 4794.367463
991 433.2188912 4794.374054
992 433.0422058 4794.381684
993 432.8728062 4794.379584
994 432.8494513 4794.323061
995 432.9550081 4794.382324
996 433.0980218 4794.357587
997 433.2366363 4794.363772
998 433.3637312 4794.345195
999 433.4814459 4794.370916
1000 433.5564498 4794.400723
1001 433.5755535 4794.437965
1002 433.4604292 4794.370234
1003 433.3236398 4794.376354
1004 433.1660609 4794.355472
1005 433.1450649 4794.3569
1006 443.6312636 4795.635286
1007 443.6716916 4795.679041
1008 443.6403666 4795.471948
1009 443.6758428 4795.339489
1010 443.6776239 4795.144004
1011 443.6468759 4794.986995
1012 443.6705733 4795.066652
1013 443.7135527 4795.21212
1014 443.7035078 4795.408784
1015 443.6985462 4795.485125
1016 444.7592074 4795.772928
1017 444.6382347 4795.726714
1018 444.5483527 4795.674362
1019 444.5486231 4795.538975
1020 444.607597 4795.401664
1021 444.5830224 4795.550355
1022 444.644037 4795.67258
1023 444.7079048 4795.796892
1024 444.828613 4795.880537
1025 444.838812 4795.888117
1026 444.8283859 4795.852662
1027 445.8326469 4795.561126
1028 445.7740448 4795.585695
1029 445.7348712 4795.56524
1030 445.6462782 4795.601935
1031 445.6071355 4795.585368
1032 445.640187 4795.4897
1033 445.6619436 4795.431662
1034 445.6496292 4795.372676
1035 445.6721237 4795.406592
1036 445.7176854 4795.444765
1037 445.785124 4795.45
1038 455.4293376 4796.080128
1039 455.33859 4796.042521
1040 455.3309132 4795.899083
1041 455.3245116 4795.752305
1042 455.3044143 4795.60706
1043 455.3146141 4795.493601
1044 455.3155727 4795.454502
1045 455.4017276 4795.34765
1046 455.4609637 4795.30317
1049 455.3456655 4796.057912
1052 455.3307466 4795.898418
1053 455.3141422 4795.766255
1054 455.3042096 4795.563748
1055 455.3244039 4795.477766
1056 455.5369901 4795.320662
1057 455.5797607 4795.374689
1058 455.6393916 4795.501795
1059 455.7594347 4795.603518
1060 455.832424 4795.715544
1061 455.8514178 4795.855022
1062 455.7253784 4795.976456
1063 455.7846483 4796.124
1064 455.8081569 4796.25945
1065 455.8548805 4796.386197
1068 455.6836762 4795.576803
1073 455.7830012 4796.132562
1076 455.8560135 4796.385857
1077 456.4445055 4796.075189
1078 456.3456751 4796.154011
1079 456.3060059 4796.051093
1080 456.3255122 4795.919584
1081 456.4016306 4795.789043
1082 456.5235299 4795.727732
1083 456.5550285 4795.593814
1084 456.5878082 4795.457112
1085 456.603437 4795.326851
1086 456.5287395 4795.237927
1087 456.5894575 4795.334826
1088 456.6161764 4795.467148
1089 456.58035 4795.57144
1090 456.5389895 4795.723079
1091 456.4317689 4795.746646
1092 456.3504133 4795.895212
1093 456.286158 4795.99136
1094 456.3079107 4796.094949
1095 456.4137553 4796.135692
1097 457.2492884 4796.322498
1098 457.2708958 4796.27705
1099 457.3315051 4796.115299
1100 457.3466977 4796.016804
1101 457.3045023 4795.948214
1102 457.1914457 4795.895064
1103 457.2610483 4795.821658
1104 457.2875212 4795.685888
1105 457.336136 4795.614615
1106 457.3063019 4795.487529
1107 457.2343548 4795.370038
1108 457.1192018 4795.294802
1109 457.2187782 4795.356365
1110 457.3139166 4795.486148
1111 457.3528003 4795.582192
1112 457.2320847 4795.588506
1113 457.0761179 4795.637359
1114 457.115958 4795.743168
1115 457.1781769 4795.874268
1116 457.2662823 4795.97
1117 457.3228507 4796.080258
1118 457.3662895 4796.204815
1119 457.3156113 4796.231122
1120 415.8433475 4790.195232
1121 415.7808072 4790.486794
1123 415.8976166 4790.774909
1124 415.9784718 4790.834663
1125 416.035769 4790.965129
1126 416.0287888 4791.09628
1127 415.9732173 4790.980565
1128 415.9033991 4790.87469
1129 415.8023436 4790.756986
1130 415.7318243 4790.608137
1131 415.7390849 4790.447659
1133 416.9171555 4788.974879
1134 417.0992701 4789.054845
1135 417.0735807 4789.231539
1136 417.0623787 4789.311425
1137 417.3608122 4789.363875
1139 417.1009565 4789.332501
1140 417.1686267 4789.45563
1141 417.1091597 4789.432476
1142 416.9866293 4789.324569
1143 417.0118132 4789.219632
1144 417.0360436 4789.103044
1145 416.9807803 4788.985763
1146 416.9802654 4788.970219
1147 417.0745076 4789.001722
1148 417.0860303 4789.147417
1149 417.083813 4789.231747
1150 417.027624 4789.324178
1151 417.1600324 4789.310232
1152 417.295963 4789.2988
1153 417.4243451 4789.340888
1154 417.2798064 4789.305439
1155 417.1710775 4789.303877
1156 417.1392227 4789.394567
1157 417.1213599 4789.427662
1158 417.0669789 4789.355686
1159 417.0537228 4789.313974
1160 416.9224743 4788.978257
1161 416.9534205 4788.99254
1162 417.0620012 4788.941674
1163 417.2049998 4788.98991
1164 417.3256128 4789.013542
1165 417.4719234 4788.980551
1166 417.568677 4788.971711
1167 417.3891247 4788.988556
1168 417.204529 4788.991249
1169 417.1258734 4788.946226
1170 417.0527844 4788.938233
1171 417.6594171 4788.982495
1173 417.9655342 4789.226586
1175 418.0376049 4789.278363
1176 418.208602 4789.58963
1177 418.2925097 4789.61361
1178 418.3160441 4789.687077
1179 418.1894646 4789.577976
1180 418.1174934 4789.534082
1181 418.0382194 4789.403199
1182 417.9490497 4789.259884
1183 417.8286556 4789.186702
1184 417.7540393 4789.085865
1185 417.6336591 4788.980808
1186 417.5528511 4788.972237
1187 409.0115276 4774.888766
1188 408.9718548 4774.80588
1189 408.9551794 4774.67215
1190 408.9533711 4774.561103
1191 408.9689921 4774.408615
1192 408.8421617 4774.379986
1193 408.847189 4774.403022
1194 408.9920499 4774.423079
1195 409.0983232 4774.484529
1196 409.1687181 4774.607546
1197 409.1999837 4774.749635
1198 409.2440186 4774.860898
1199 409.1520573 4774.902109
1200 409.1021937 4774.921322
1201 409.9740464 4774.73415
1202 409.882022 4774.654062
1203 409.891896 4774.48999
1204 409.9429573 4774.376245
1205 409.9306773 4774.228904
1206 409.7916658 4774.14666
1207 409.6899207 4774.138233
1208 409.5433949 4774.041988
1209 409.4668898 4773.936707
1210 409.4063873 4773.823329
1211 409.4262263 4773.711772
1212 409.4296325 4773.655747
1213 409.3860534 4773.762843
1214 409.4423329 4773.889051
1215 409.5258253 4774.024116
1216 409.6592491 4774.114092
1217 409.8089022 4774.157873
1218 409.9525238 4774.164083
1219 410.0096339 4774.12612
1220 410.1624538 4774.101669
1221 410.2686089 4774.006194
1222 410.3103606 4774.130489
1223 410.2172729 4774.235676
1224 410.1757703 4774.358957
1225 410.0447942 4774.410443
1226 410.0302252 4774.558138
1227 410.0263842 4774.723352
1229 410.6272193 4773.701816
1230 410.6787324 4773.60873
1231 410.7518232 4773.510253
1232 410.8507893 4773.398888
1233 410.8592811 4773.264048
1234 410.8035611 4773.141599
1235 410.6622483 4773.126787
1236 410.6491132 4773.043545
1237 410.7030426 4772.960536
1238 410.6991363 4772.861067
1239 410.6373334 4772.740698
1240 410.6368525 4772.74748
1241 410.7062333 4772.893407
1242 410.7078947 4773.026559
1243 410.6752834 4773.121618
1244 410.8292464 4773.126713
1245 410.8522296 4773.27247
1246 410.8345609 4773.414983
1247 410.7437333 4773.532573
1248 410.6943353 4773.600862
1249 410.6193613 4773.598956
1250 412.7814527 4786.40745
1251 412.6745908 4786.460249
1252 412.5085725 4786.561351
1253 412.3670669 4786.604161
1254 412.3360922 4786.715189
1255 412.3553736 4786.786915
1256 412.3691891 4786.793845
1257 412.3500627 4786.809642
1258 412.3051372 4786.947175
1259 412.2576921 4787.052973
1260 412.2768363 4787.120369
1261 412.2871483 4787.095022
1262 412.3968761 4786.604221
1265 412.3347854 4786.783848
1266 412.2545447 4787.048238
1267 412.2881141 4787.094343
1268 412.3155104 4786.951706
1269 412.3669383 4786.795651
1270 412.3401684 4786.716358
1271 412.397529 4786.610766
1272 412.5452729 4786.554103
1273 412.6570951 4786.464029
1274 412.7757334 4786.366871
1275 412.870557 4786.274575
1279 412.2880209 4787.087125
1284 412.6219475 4786.484696
1288 412.8720103 4786.27389
1289 413.3717829 4786.852848
1290 413.4505433 4786.953142
1291 413.4739793 4787.03959
1292 413.4178811 4786.983992
1293 413.3357459 4786.899292
1294 413.256303 4786.834773
1295 413.2401779 4786.824983
1296 413.2494091 4786.810092
1297 414.3629534 4784.821445
1298 414.2216436 4784.954291
1299 414.1357521 4785.184182
1300 414.1669955 4785.310187
1301 414.2358514 4785.378404
1302 414.341491 4785.47126
1303 414.2334011 4785.744193
1305 414.1073673 4785.843528
1306 414.0862474 4785.862788
1307 414.2375247 4785.723371
1308 414.3092181 4785.604731
1309 414.3709294 4785.493103
1310 414.4548167 4785.374755
1311 414.5414888 4785.277366
1312 414.5517999 4785.12829
1313 414.5377163 4784.990294
1314 414.5708629 4784.880473
1315 414.4573679 4784.731954
1316 414.4361426 4784.749659
1317 420.1416206 4781.534879
1319 420.3665631 4781.67752
1320 420.4767423 4781.702554
1321 420.6344892 4781.778237
1322 420.5712449 4781.8886
1323 420.7097629 4781.953625
1324 420.7368529 4781.809365
1325 420.6616329 4781.694398
1326 420.585534 4781.706281
1327 420.4324611 4781.696852
1328 420.3692485 4781.587523
1329 420.2357901 4781.684605
1330 420.1836275 4781.727645
1331 421.0447358 4781.355182
1332 421.2557539 4781.363399
1333 421.4108418 4781.50455
1334 421.4660383 4781.589768
1335 421.3934376 4781.799081
1336 421.3601885 4781.946075
1337 421.3842511 4782.059086
1338 421.4413302 4782.173937
1339 421.4961793 4782.243609
1340 421.434862 4782.127585
1341 421.3137694 4782.029357
1342 421.2011369 4781.953135
1343 421.1414601 4781.803996
1344 421.2098267 4781.685917
1345 421.0998571 4781.566571
1346 421.1216824 4781.47913
1347 421.0448674 4781.352515
1350 421.4121104 4782.21237
1354 421.8863202 4782.96228
1355 421.8938557 4782.953308
1356 421.9309429 4783.033961
1357 421.8067602 4782.990072
1358 421.7352919 4782.908926
1359 421.8259042 4783.022506
1360 421.9437602 4783.010823
1361 421.8843931 4782.893551
1362 421.8977766 4782.771112
1363 422.0229721 4782.704589
1364 422.0647175 4782.667014
1365 422.1819365 4782.549384
1366 422.1741029 4782.411639
1367 422.1514968 4782.296832
1368 422.269803 4782.195407
1369 422.3411322 4782.200257
1370 422.3105825 4782.314783
1371 422.2279318 4782.392919
1372 422.2815277 4782.503152
1373 422.4569991 4782.554573
1374 422.5124932 4782.667784
1375 422.5241622 4782.693419
1377 421.880615 4782.918362
1380 422.0003039 4782.712069
1382 422.1644264 4782.581572
1384 422.2128301 4782.23782
1385 422.3449958 4782.2041
1386 422.2475642 4782.375701
1388 422.4818341 4782.587388
1389 422.5248884 4782.692966
1390 422.4360473 4782.669877
1391 422.2900773 4782.71797
1392 422.1603194 4782.698462
1393 422.0593373 4782.814463
1394 421.9475967 4782.955689
1395 421.9223579 4783.050609
1396 421.7969489 4782.984854
1398 431.8962188 4782.297794
1399 431.8777606 4782.385942
1400 431.7750958 4782.423622
1401 431.7813504 4782.439552
1402 431.8977605 4782.39496
1403 432.0069632 4782.328339
1404 432.0971222 4782.437836
1405 432.1871558 4782.339424
1406 432.0712037 4782.324366
1407 432.0235559 4782.337947
1408 433.3195826 4783.210738
1409 433.2085164 4783.178398
1410 433.175132 4783.270465
1411 433.223217 4783.202577
1412 433.2611209 4783.256293
1413 433.2915086 4783.388716
1414 433.3608966 4783.280859
1415 433.4210585 4783.26783
1416 433.4749123 4783.315949
1417 433.5533993 4783.407142
1418 433.6612623 4783.386542
1419 433.5370646 4783.381868
1420 433.4739995 4783.255873
1422 434.0270003 4783.380873
1423 433.9361283 4783.452725
1424 434.0202994 4783.552753
1425 433.9971385 4783.610842
1426 433.9302332 4783.723999
1427 433.9490144 4783.758802
1428 434.024423 4783.642786
1429 434.075128 4783.509351
1430 434.1397202 4783.375005
1431 434.030484 4783.279328
1432 434.0671676 4783.316844
1433 443.8112141 4781.795112
1434 443.8179175 4781.888458
1435 443.7431697 4781.978923
1436 443.8482905 4782.053354
1437 443.9147007 4781.947077
1438 443.8889389 4781.887872
1439 444.0023745 4781.797645
1440 444.0177832 4781.675241
1441 444.0648973 4781.55402
1442 443.9770952 4781.609495
1443 443.9262946 4781.657892
1444 445.3628178 4782.703047
1445 445.2676596 4782.843414
1446 445.1580228 4782.799985
1447 445.0788181 4782.671461
1448 444.9821421 4782.633594
1449 444.9884399 4782.548249
1450 445.0119464 4782.460655
1451 445.1583425 4782.799316
1454 444.9889256 4782.548023
1455 445.0125893 4782.459761
1456 444.9219668 4782.256699
1458 445.0594243 4782.000706
1459 445.0715283 4781.869335
1460 445.1801302 4781.953864
1461 445.2914063 4781.936754
1462 445.3524247 4781.9758
1463 445.8045564 4782.064807
1464 445.8766421 4782.136977
1465 446.0442025 4782.157191
1466 446.0348488 4782.30975
1467 445.8754051 4782.420633
1468 445.7610666 4782.521608
1469 445.6384722 4782.666854
1470 445.6125653 4782.699046
1471 445.4846528 4782.676748
1472 445.6124613 4782.686053
1475 445.4806636 4781.986433
1477 445.5188412 4781.923489
1478 445.6805231 4781.949628
1479 445.7949612 4781.97226
1480 445.8258759 4781.976567
1481 445.5053204 4781.939923
1482 413.5302263 4770.039981
1483 413.4700444 4769.942558
1484 413.4315494 4770.03379
1485 413.140916 4769.901976
1487 412.8925102 4770.011211
1488 412.9496136 4769.968721
1489 412.958318 4769.833994
1490 412.7570922 4769.799576
1492 413.086278 4770.003966
1493 413.0920932 4770.006669
1494 413.135406 4769.891272
1495 413.2463725 4769.813557
1496 413.3358175 4769.90683
1497 413.39287 4770.026949
1498 413.4405617 4769.999688
1499 413.7577408 4769.346034
1500 413.9158318 4769.420343
1501 413.926185 4769.544054
1502 413.8248398 4769.688278
1504 413.6715759 4769.866591
1505 413.7085859 4769.754166
1506 413.8035293 4769.644897
1507 413.8502002 4769.523465
1508 413.7968234 4769.365199
1509 413.8071685 4769.230009
1510 413.7822708 4769.315402
1511 413.8416945 4769.623756
1512 413.762317 4769.676183
1513 413.6833476 4769.747932
1514 413.6566847 4769.751379
1515 413.6423736 4769.958925
1517 414.01369 4769.716552
1518 413.9762217 4769.657269
1519 413.9037328 4769.655517
1520 413.7803036 4769.733601
1521 413.6554721 4769.78427
1522 413.7267277 4769.727169
1523 413.8334887 4769.631635
1524 413.858828 4769.490924
1525 413.8039222 4769.347006
1526 413.7878061 4769.205596
1527 413.7842433 4769.052367
1528 413.8686386 4768.951673
1529 413.9074414 4768.922639
1530 414.4165102 4768.795622
1531 414.3966225 4769.028115
1532 414.4402248 4769.161073
1533 414.4291769 4769.254176
1534 414.3316602 4769.425666
1535 414.3689097 4769.604019
1536 414.3471243 4769.730244
1537 414.3108231 4769.802672
1538 414.1758583 4769.850571
1539 414.132837 4769.763923
1540 414.2093688 4769.834823
1541 414.09291 4769.742101
1542 414.088438 4769.742601
1545 414.0595081 4768.834646
1548 414.1145417 4768.846394
1549 414.1885776 4768.8669
1550 420.5465843 4769.729604
1551 420.6386316 4769.383007
1552 420.6555589 4769.389252
1553 420.7539662 4769.456526
1554 420.8360281 4769.567862
1555 420.7656059 4769.673747
1556 420.6917512 4769.722252
1557 420.6402802 4769.819144
1558 420.5802649 4769.825284
1559 420.5541045 4769.949093
1560 420.5929089 4770.009395
1561 420.552833 4770.140697
1562 420.6224645 4770.22663
1563 420.6410516 4770.31982
1564 420.775696 4770.360906
1565 420.8095468 4770.478798
1566 420.9251756 4770.375611
1567 420.8911064 4770.238728
1568 420.8938212 4770.079539
1569 420.8463643 4770.010006
1570 420.7195945 4769.911407
1571 420.5827627 4769.816036
1572 420.5492307 4769.740124
1573 420.7212344 4769.428473
1575 420.8192216 4769.593047
1576 420.7611324 4769.709229
1577 420.6418929 4769.817792
1578 420.5425125 4769.834497
1579 420.569539 4770.058092
1580 420.6215438 4770.168442
1581 420.6207083 4770.25064
1582 420.897217 4770.442907
1586 420.5646865 4769.794922
1589 422.1437163 4771.329875
1590 422.0434089 4771.342127
1591 421.9005364 4771.390519
1592 421.8762431 4771.415787
1593 421.9024623 4771.331188
1594 421.9034911 4771.207671
1595 422.0346463 4771.230606
1596 422.1177578 4771.187896
1597 422.1897188 4771.25949
1598 422.1434351 4771.276678
1599 422.425033 4771.279691
1600 422.4912468 4771.139441
1601 422.43557 4771.039337
1602 422.4104092 4770.89546
1603 422.405802 4770.740798
1604 422.3479439 4770.685479
1605 422.2640101 4770.585143
1606 422.2546877 4770.44564
1607 422.2129205 4770.302397
1608 422.2382959 4770.185823
1609 422.3023604 4770.042041
1610 422.2901124 4769.995977
1611 422.2823968 4770.119237
1612 422.1670496 4770.206404
1613 422.2148682 4770.294711
1614 422.2707073 4770.458341
1615 422.21582 4770.606905
1616 422.2489957 4770.710707
1617 422.3993108 4770.814286
1618 422.4408563 4770.88845
1619 422.4599632 4771.044058
1620 422.5428377 4771.17373
1621 422.4870403 4771.227786
1623 432.4943191 4769.707997
1624 432.4910698 4769.799322
1625 432.5609977 4769.938791
1626 432.5784268 4770.013696
1627 432.42553 4770.062409
1628 432.323381 4770.138498
1629 432.33704 4770.136697
1630 432.4698541 4770.041424
1631 432.5929385 4769.982789
1632 432.6104261 4769.890435
1633 432.7088146 4769.828603
1634 432.6856899 4769.762194
1635 433.2731346 4770.049741
1636 433.5788085 4770.214797
1638 433.6863108 4770.319815
1639 433.7590059 4770.428727
1640 433.7376228 4770.288886
1641 433.5981587 4770.245705
1642 433.525475 4770.121691
1643 433.3970891 4770.062969
1645 434.5804762 4770.004439
1646 434.7012697 4770.04493
1647 434.8185193 4770.089567
1648 434.8953512 4770.215665
1649 434.8404674 4770.231182
1650 434.8217139 4770.321876
1651 434.8625861 4770.331037
1652 434.886654 4770.217081
1653 434.8324987 4770.104205
1654 434.7419216 4770.022329
1655 434.6415388 4769.936884
1656 434.6025058 4769.967022
1657 434.6356815 4769.988361
1658 444.6378244 4771.049388
1659 444.5180209 4771.050583
1660 444.5158345 4770.911778
1661 444.5135579 4770.761869
1662 444.5604204 4770.638769
1663 444.5294077 4770.518634
1664 444.5224245 4770.39053
1665 444.5205871 4770.36478
1666 445.0992902 4770.062245
1667 445.4250063 4770.155032
1669 445.5720125 4770.408847
1671 445.7661068 4770.658736
1673 445.5468694 4770.757102
1674 445.6207007 4770.829034
1675 445.7208683 4770.906865
1676 445.6737525 4770.806178
1677 445.52273 4770.741191
1678 445.4253322 4770.664229
1679 445.3018252 4770.711972
1680 445.1558448 4770.707924
1682 446.5291233 4771.186348
1683 446.4200129 4771.108131
1684 446.3103849 4771.00582
1685 446.2642221 4770.890572
1686 446.3101751 4770.710075
1687 446.2189597 4770.590185
1688 446.1298824 4770.504374
1689 446.1246672 4770.441779
1690 433.3011943 4758.758307
1691 433.0795061 4758.820107
1692 432.9462754 4758.788092
1693 432.8336155 4758.89981
1695 433.0273683 4759.03385
1696 432.9291914 4759.2004
1697 433.1662505 4759.269606
1698 433.21531 4759.283565
1700 433.3003093 4758.759537
1702 433.2521796 4758.757673
1703 433.1098516 4758.787826
1704 432.9807957 4758.815852
1705 432.8645981 4758.774565
1706 432.8180474 4758.883859
1707 432.9269183 4758.993186
1708 433.0260916 4759.061739
1709 432.9729366 4759.12112
1710 433.0202239 4759.178853
1711 432.9592169 4759.218986
1712 433.0951655 4759.25464
1713 433.22736 4759.290111
1714 433.292886 4759.328788
1716 433.3152669 4758.771497
1718 433.9853776 4758.057896
1719 433.9110908 4758.160231
1720 433.9244258 4758.198418
1721 433.9162459 4758.128196
1722 433.8088588 4758.205974
1723 433.8562453 4758.11356
1724 433.9894098 4758.163252
1725 434.0742852 4758.220519
1726 434.035287 4758.27809
1727 433.9482535 4758.343786
1728 434.0005266 4758.470778
1729 434.1025408 4758.555312
1730 434.1894725 4758.631996
1731 434.1559606 4758.725718
1732 434.0032762 4758.688538
1733 433.885963 4758.717101
1735 434.6136322 4759.054734
1736 434.587989 4759.204353
1737 434.6278345 4759.312588
1738 434.7570963 4759.315132
1739 434.8604138 4759.298934
1740 434.9441502 4759.401645
1741 434.9909616 4759.522921
1742 435.0647342 4759.478131
1743 435.0277799 4759.34721
1744 434.9515116 4759.258087
1745 434.8409778 4759.167181
1746 434.781361 4759.15742
1747 435.107845 4822.398241
1748 435.0824595 4822.279197
1749 435.1279413 4822.145363
1750 435.1438247 4821.991488
1751 435.1977563 4821.837136
1752 435.1820389 4821.824182
1754 435.1226825 4822.495839
