#TrapID X Y
1 403.0018972 4833.514943
2 402.889726 4833.166872
3 402.8860175 4832.805565
4 403.1837771 4832.649177
5 403.2081288 4832.53674
6 404.0456308 4833.381704
7 404.0288688 4833.73164
8 404.0489231 4833.380657
9 404.0014791 4833.16039
10 404.0134783 4833.1871
11 405.1935105 4831.99879
12 405.3200697 4832.253493
13 405.4131174 4832.540885
14 405.4006269 4832.650368
15 405.6859141 4832.967265
16 405.6818501 4833.039527
17 422.899889 4834.263193
18 422.6391735 4834.4176
19 422.7927629 4834.365508
20 422.8673256 4834.334658
21 423.3134542 4833.075034
22 423.6164577 4833.220523
23 423.9989753 4833.19562
24 424.3420084 4833.195288
25 424.6398249 4833.362652
26 424.3090731 4833.22143
27 423.9497261 4833.184294
28 423.5686746 4833.224623
29 423.4191668 4833.163907
30 423.9601588 4834.471548
31 424.2508068 4834.301748
32 424.5461842 4834.500014
33 424.6507517 4834.56226
34 424.3365282 4834.301445
35 424.0109831 4834.451976
37 421.1125405 4830.072654
38 420.9576445 4829.829889
39 420.9224446 4829.8423
40 421.0019319 4829.883239
41 420.955931 4829.44514
42 420.5881073 4829.49503
43 420.273483 4829.640832
44 419.9635154 4829.756493
45 420.0376789 4829.729393
46 420.3913846 4829.579338
47 420.7120874 4829.483009
48 420.8196577 4829.448192
49 420.7796606 4829.041236
50 420.5414327 4828.859558
51 420.3499416 4828.787965
52 420.6650419 4828.937958
53 420.7092198 4828.988197
54 431.5286114 4830.345541
55 431.4650745 4830.57089
56 431.513701 4830.394565
57 431.2579035 4830.235796
58 431.5010148 4830.408579
59 431.4563604 4830.279081
60 431.0491966 4830.106319
61 430.8175182 4830.073942
62 431.1919897 4830.173939
63 431.1432811 4830.145338
64 430.7756379 4830.08948
65 431.1485859 4830.15117
66 431.3991777 4830.273779
67 431.5453732 4830.145994
68 431.3991777 4830.273779
70 431.6621838 4830.150911
71 431.3621285 4830.036241
72 431.3995059 4829.848701
73 431.5699377 4829.564612
74 431.5481201 4829.601266
75 431.3879754 4829.975664
77 432.6085209 4830.2464
78 432.54933 4830.233889
79 432.6245805 4830.262677
80 442.2501362 4829.127638
81 442.2710869 4829.124015
82 442.0872169 4829.269324
83 442.2278162 4829.140937
84 442.0898102 4829.205215
85 442.0629678 4829.302077
86 443.1820732 4829.405675
87 443.4484396 4829.519044
88 443.407923 4829.642339
89 443.3625415 4829.533542
90 443.0979651 4829.393505
91 442.978474 4829.291559
92 444.6746744 4829.186711
93 444.4798116 4829.433117
94 444.5167917 4829.718367
95 444.4909648 4829.522879
96 444.5639215 4829.24105
97 444.6370009 4829.198018
98 444.5229276 4829.436092
99 444.5133765 4829.539798
100 444.5014863 4829.370739
101 407.2547945 4826.146311
102 407.2413572 4826.295791
104 408.1645469 4825.038533
105 408.0611928 4825.175801
106 407.9879437 4825.164141
107 416.8532719 4826.20832
108 416.6579371 4826.005806
109 416.5057031 4825.925945
110 416.5811632 4825.597994
111 416.4948973 4825.284717
112 416.5510786 4825.633358
113 416.4632641 4825.974126
114 416.7304217 4826.166302
115 416.8008831 4826.189976
116 415.3736696 4826.039877
117 415.0709592 4826.104684
118 414.9978899 4826.423849
119 414.9065348 4826.191965
120 414.7655024 4826.080011
121 415.0889139 4826.113343
122 415.2407476 4826.147635
123 416.5369746 4825.36939
124 416.3103797 4825.266133
125 415.9596168 4825.147109
126 416.0374188 4825.162575
127 416.1831644 4825.244839
128 416.241154 4825.245337
129 426.6190237 4822.107084
130 426.6145011 4821.804015
131 426.7052829 4821.549445
132 426.5356664 4821.303383
133 426.5835334 4821.032841
134 426.594521 4821.010507
135 426.5090191 4821.260578
136 426.695325 4821.540223
137 426.656795 4821.829767
138 426.6069813 4821.914393
139 427.8302251 4822.761286
140 427.8277614 4822.404214
141 427.6728123 4822.133975
142 427.5101189 4821.880928
143 427.5744891 4821.871459
144 427.7155519 4822.186718
145 427.9656275 4822.423504
146 427.8950412 4822.583429
147 428.699314 4821.418026
148 428.5489004 4820.972669
149 428.5002182 4820.634862
150 428.5239374 4820.93517
151 428.7028543 4821.226278
152 428.7100522 4821.577189
153 428.7152745 4821.201266
154 428.5305042 4820.861238
155 428.5169469 4820.59703
156 428.5331584 4820.882868
157 428.683672 4821.147065
158 428.7011144 4821.260284
159 436.027759 4821.604709
160 436.1126292 4821.413307
161 436.3255213 4821.106178
162 436.5518065 4820.923217
163 436.3612365 4821.029646
164 436.0467695 4821.615746
166 436.7094145 4822.18892
167 436.6581694 4822.014691
168 436.7853478 4821.836448
169 436.9368643 4821.952202
170 436.9493974 4822.030833
171 411.320558 4817.008941
172 411.1529868 4817.226866
173 411.234686 4817.315317
174 411.1940631 4817.184114
175 411.2979737 4817.025456
176 411.3277528 4817.014955
177 412.0546909 4816.701393
178 412.1944325 4816.44831
179 412.4465893 4816.642632
180 412.1526872 4816.626468
181 412.0889127 4816.659403
182 413.4584 4816.352405
183 413.6646896 4816.377858
184 413.5384778 4816.360373
185 418.7983759 4816.799352
186 418.8420202 4817.206693
187 418.8631668 4817.451692
188 418.8245583 4817.501698
189 418.7423668 4817.591328
190 418.8237704 4817.248789
191 418.7656793 4816.890606
192 418.7780794 4816.826033
193 420.6790133 4816.62708
194 420.7817119 4816.964313
195 420.7200519 4816.678801
196 420.5185599 4816.658741
197 420.5601133 4816.52796
198 421.4905516 4817.704866
199 421.4451767 4817.53001
200 421.2644424 4817.284761
201 421.1882146 4817.354963
202 421.4100616 4817.410016
203 421.5521226 4817.466338
204 421.55107 4817.521665
205 443.1783509 4817.560675
206 443.0419019 4817.494634
207 442.98075 4817.680967
208 443.150172 4817.660318
209 443.2014322 4817.670992
210 443.4467952 4819.518851
211 443.5073875 4819.776239
212 443.6935363 4819.780897
213 443.7469047 4819.610962
214 444.7248449 4819.062178
215 444.5101221 4818.789946
216 444.3703634 4818.641606
217 444.6431236 4818.471644
218 444.7076772 4818.261864
219 444.6044117 4818.589916
220 444.4300296 4818.790385
221 444.4632921 4819.147967
222 444.5126733 4819.177436
223 446.8228089 4813.52209
224 446.8117361 4813.615361
225 446.8430739 4813.90677
226 446.8072911 4813.667042
227 446.6036363 4813.372665
228 446.9559924 4813.353221
229 447.0415071 4813.283244
230 447.8449196 4815.343556
231 447.6827629 4815.475649
232 447.5009258 4815.685867
233 447.6916781 4815.384618
234 447.7157745 4815.332452
235 448.4784047 4814.603652
236 448.5906813 4814.469294
237 448.6678753 4814.400289
238 449.0177768 4814.373086
239 449.0126028 4814.181095
240 449.0304292 4814.196176
241 399.5218414 4811.863108
242 399.6813171 4812.160101
243 399.675686 4812.493879
244 399.6560544 4812.398196
245 399.681692 4812.082004
246 399.4939948 4811.770324
248 400.6401909 4812.216765
249 400.6818791 4812.492191
250 400.9113068 4812.328854
251 401.0401988 4812.64199
252 401.0330914 4812.725518
253 401.4855053 4812.588477
254 401.6908301 4812.918391
255 401.7002061 4813.261499
256 401.7031891 4813.621141
257 401.5420008 4813.796339
258 401.709675 4813.450201
259 401.7285845 4813.1159
260 401.696711 4812.772454
261 401.5729856 4812.650071
262 407.77289 4813.421105
263 407.7828969 4813.165152
264 407.9129363 4813.178702
265 407.9857594 4813.250353
266 408.7649558 4812.700911
267 408.6114464 4812.568142
268 408.637665 4812.633989
269 408.5352629 4812.672146
270 409.8989609 4812.824831
271 409.6288136 4812.487661
272 409.3019541 4812.189364
273 409.5945564 4812.545659
274 409.8742528 4812.792282
275 410.1277022 4812.84388
276 410.3456736 4812.783327
277 415.9798505 4813.100026
278 415.7596372 4813.035687
279 415.4615044 4813.074188
280 415.6022166 4813.069425
281 415.6240643 4813.147237
282 415.6802356 4813.103992
283 415.4864653 4813.032444
284 415.8195739 4813.0476
285 415.8720649 4813.091708
286 416.5167888 4812.64194
287 416.2664128 4812.748903
288 416.4371699 4812.908953
289 416.2370938 4813.156359
290 416.3754124 4813.017573
291 416.3885681 4812.734723
292 416.4590464 4812.60489
293 416.8123597 4812.6234
294 416.8751737 4812.573307
295 417.2819851 4812.494436
296 417.4591777 4812.435059
297 417.3953849 4812.61034
298 417.5905997 4812.675149
299 417.3660821 4812.60259
300 417.3372125 4812.557626
301 408.177536 4804.504308
302 408.2439235 4804.733892
303 407.9506096 4804.740771
304 408.2627969 4804.841159
305 408.3452169 4804.676756
306 408.3062188 4804.632521
307 408.6970034 4806.130329
308 408.6713328 4805.950952
309 408.6473682 4805.622376
310 408.9152886 4805.639306
311 408.70449 4805.707688
312 408.6610258 4806.051173
313 408.7087639 4806.035754
314 409.9040825 4805.924615
315 410.0619994 4805.649704
316 410.0198401 4805.354801
317 410.0177663 4805.563876
318 409.8924304 4805.889003
319 409.8735107 4805.98245
320 419.587964 4806.873191
321 419.5904619 4806.600255
322 419.5543054 4806.365877
323 419.6829529 4806.342686
324 419.6996732 4806.379919
325 419.5693058 4806.272286
326 419.5609525 4806.63826
327 419.4919794 4806.735049
328 420.9543984 4806.628685
329 421.1155932 4806.258594
330 420.9277528 4806.192816
331 421.0190872 4806.039244
332 420.9247708 4806.117988
333 420.9519939 4806.264285
334 421.6515276 4806.753288
335 421.6105791 4806.455646
336 421.6267763 4806.162783
337 421.7398859 4805.874239
338 421.8030338 4805.956256
339 421.5311791 4806.278076
340 421.6633249 4806.541781
341 421.6953773 4806.610274
342 431.3677253 4805.295022
343 431.4782058 4805.359875
344 431.0593588 4805.695899
345 431.0810748 4805.705007
346 430.8855743 4805.910483
347 430.863424 4805.866838
348 430.7903287 4805.75152
349 432.4298076 4805.633176
350 432.37665 4806.042438
351 432.2733481 4806.319811
352 432.3776304 4806.487922
353 432.5936141 4806.887495
354 432.8002332 4806.999612
355 432.7965832 4806.925789
356 433.1693782 4805.339816
357 433.0544122 4805.531547
358 433.0152953 4805.85803
359 433.2791026 4805.64972
360 433.4186696 4805.274933
362 443.2903292 4805.861422
363 443.3460537 4805.853068
364 443.3327543 4805.985902
365 443.1155452 4806.194087
366 442.9950335 4806.057383
367 443.0529451 4806.049342
368 443.8270161 4805.457326
369 443.8247335 4805.52365
370 443.8210329 4805.536342
371 445.3677592 4806.351965
372 445.140068 4806.601485
373 445.3342144 4806.399217
374 445.5363201 4806.248646
375 445.5831612 4806.203177
376 408.2610884 4794.504605
377 408.0536764 4794.495309
378 407.9630195 4794.271722
379 408.2056229 4794.225112
380 408.4459755 4794.311943
381 408.5177961 4794.343407
382 408.9312271 4794.42692
383 409.0017916 4794.316785
384 409.3292311 4794.158668
385 409.3544025 4793.856873
386 408.9974633 4793.698376
387 409.1812652 4793.706129
388 409.4140411 4793.863185
389 409.4295993 4794.098456
390 409.3188114 4794.16214
391 410.1831411 4794.794197
392 410.0871772 4794.580762
393 410.1793211 4794.25509
394 410.1042916 4794.397039
395 410.0508195 4794.530927
396 431.5617461 4794.910379
397 431.6126433 4794.777585
398 431.4932854 4794.645622
399 431.5097152 4794.722203
400 432.5287949 4793.281451
401 432.5933409 4793.188069
402 432.4037852 4793.152971
403 432.4575179 4793.20397
404 433.0275948 4794.388937
405 433.4817628 4794.370136
406 433.4924377 4794.391578
407 433.1056672 4794.359622
408 432.8561369 4794.359202
409 433.1783748 4794.345576
410 433.4622909 4794.336785
411 433.4804874 4794.380699
412 433.3543663 4794.366278
413 443.6716916 4795.679041
414 443.6558305 4795.234701
415 443.6705733 4795.066652
416 443.7135527 4795.21212
417 444.6663622 4795.715045
418 444.5625607 4795.497879
419 444.6470889 4795.659005
420 444.7367443 4795.812872
421 445.7563017 4795.587947
422 445.6357046 4795.628452
423 445.6640147 4795.416874
424 445.7072134 4795.413196
425 445.729934 4795.434893
426 455.3458672 4796.063908
427 455.3323329 4795.696279
428 455.3224782 4795.444017
429 455.4609637 4795.30317
430 455.3456655 4796.057912
431 455.3307466 4795.898418
432 455.3042096 4795.563748
433 455.5797607 4795.374689
434 455.8153093 4795.652907
435 455.7253784 4795.976456
436 455.8254773 4796.328971
437 455.8548805 4796.386197
438 455.6836762 4795.576803
440 455.7830012 4796.132562
441 456.3801582 4796.131799
442 456.3464133 4795.891129
443 456.5550285 4795.593814
444 456.595051 4795.258492
445 456.6161764 4795.467148
446 456.4862509 4795.719086
447 456.2992098 4796.01582
448 456.2860512 4796.087871
449 457.2708958 4796.27705
450 457.3641138 4796.013807
451 457.248984 4795.837505
452 457.3466321 4795.56857
453 457.119364 4795.294801
454 457.3280498 4795.515379
455 457.0761179 4795.637359
456 457.2572388 4795.937628
457 457.2971256 4796.051545
458 415.7808072 4790.486794
459 415.8976166 4790.774909
460 416.0287888 4791.09628
461 415.8707546 4790.768799
462 415.7545573 4790.693491
463 417.0992701 4789.054845
464 417.0623787 4789.311425
465 417.1009565 4789.332501
466 417.0660456 4789.325819
467 417.0360436 4789.103044
468 417.0411852 4788.939152
469 417.0920545 4789.255082
470 417.2724654 4789.289312
471 417.2798064 4789.305439
472 417.1374947 4789.432574
473 417.0537228 4789.313974
474 417.0620012 4788.941674
475 417.407099 4788.991114
476 417.343667 4789.00266
477 417.204529 4788.991249
478 417.6594171 4788.982495
479 418.0376049 4789.278363
480 418.208602 4789.58963
481 418.1894646 4789.577976
482 417.9490497 4789.259884
483 417.6336591 4788.980808
485 409.0001202 4774.80828
486 408.9540186 4774.506002
487 408.8194036 4774.36363
488 409.1210378 4774.552646
489 409.2439505 4774.868008
490 409.2166378 4774.912689
491 409.8866746 4774.661331
492 409.9613799 4774.317133
493 409.6899207 4774.138233
494 409.4430696 4773.889374
495 409.427725 4773.671433
496 409.4839537 4773.959362
497 409.8089022 4774.157873
498 410.0675796 4774.139129
499 410.2494174 4774.143175
500 410.0447942 4774.410443
501 410.0284556 4774.479523
502 410.6284187 4773.594617
503 410.8617426 4773.346541
504 410.6622483 4773.126787
505 410.7118873 4772.914992
506 410.6368525 4772.74748
507 410.611242 4773.097355
508 410.8522296 4773.27247
509 410.6943353 4773.600862
511 412.6745908 4786.460249
512 412.3262111 4786.648117
513 412.3200617 4786.769488
514 412.292756 4787.000982
515 412.2871483 4787.095022
516 412.3968761 4786.604221
517 412.2545447 4787.048238
518 412.3504712 4786.879057
519 412.4688457 4786.585855
520 412.7757334 4786.366871
521 412.870557 4786.274575
522 412.2880209 4787.087125
524 412.6219475 4786.484696
527 413.4231673 4786.920835
528 413.3757869 4786.975754
529 413.3168802 4786.865655
530 414.2216436 4784.954291
531 414.1669955 4785.310187
532 414.2334011 4785.744193
533 414.0837114 4785.899918
534 414.3092181 4785.604731
535 414.5240212 4785.328901
536 414.5377163 4784.990294
537 414.5708629 4784.880473
538 420.1416206 4781.534879
539 420.4767423 4781.702554
540 420.7097629 4781.953625
541 420.6616329 4781.694398
542 420.3692485 4781.587523
543 420.2927186 4781.618186
544 421.2557539 4781.363399
545 421.4660383 4781.589768
546 421.3842511 4782.059086
547 421.4113017 4782.212713
548 421.2011369 4781.953135
549 421.1371958 4781.632446
550 421.0448674 4781.352515
552 421.4121104 4782.21237
553 421.876267 4782.921855
554 421.7613567 4782.921288
555 421.9437602 4783.010823
556 421.9644708 4782.733694
557 422.1819365 4782.549384
558 422.2329925 4782.238478
559 422.2970999 4782.329709
560 422.3912669 4782.527111
561 422.5241622 4782.693419
562 421.880615 4782.918362
563 422.0003039 4782.712069
564 422.1644264 4782.581572
565 422.3449958 4782.2041
566 422.4818341 4782.587388
567 422.3646237 4782.691906
568 422.0008915 4782.876664
569 421.9475967 4782.955689
570 431.8765652 4782.372071
571 431.8178217 4782.421749
572 432.0895703 4782.430248
573 432.1966872 4782.382533
574 433.2085164 4783.178398
575 433.2494032 4783.221423
576 433.3608966 4783.280859
577 433.5217687 4783.363137
578 433.5370646 4783.381868
579 433.5288237 4783.353406
580 433.9479792 4783.418069
581 433.9453552 4783.649773
582 434.0237076 4783.652788
583 434.1120161 4783.324961
584 434.0976525 4783.318437
585 443.8409617 4781.864501
586 443.8960955 4782.0363
587 443.9865206 4781.816545
588 444.0249181 4781.564567
589 443.9918193 4781.591493
590 445.3138311 4782.775074
591 445.0788181 4782.671461
592 445.0119464 4782.460655
593 445.1583425 4782.799316
594 445.0125893 4782.459761
595 445.0594243 4782.000706
596 445.1801302 4781.953864
597 445.2162869 4781.943022
598 445.8766421 4782.136977
599 445.9656438 4782.374714
600 445.7610666 4782.521608
601 445.6124613 4782.686053
603 445.4806636 4781.986433
604 445.8262027 4781.976786
605 445.8258759 4781.976567
606 413.4700444 4769.942558
607 413.140916 4769.901976
608 412.9496136 4769.968721
609 412.7570922 4769.799576
610 413.0920932 4770.006669
611 413.3171413 4769.827431
612 413.3589461 4769.971401
613 413.7577408 4769.346034
614 413.8248398 4769.688278
615 413.7085859 4769.754166
616 413.8214048 4769.428976
617 413.7822708 4769.315402
618 413.7538994 4769.673735
619 413.6423736 4769.958925
620 414.01369 4769.716552
621 413.7803036 4769.733601
622 413.8334887 4769.631635
623 413.7907339 4769.302078
624 413.7720299 4769.104057
625 414.3966225 4769.028115
626 414.3316602 4769.425666
627 414.3476815 4769.716242
628 414.1561719 4769.826051
629 414.09291 4769.742101
630 414.088438 4769.742601
631 414.0595081 4768.834646
633 420.6386316 4769.383007
634 420.8013253 4769.50318
635 420.6873932 4769.697535
636 420.562912 4769.894346
637 420.5746659 4770.141887
638 420.7315836 4770.340982
639 420.9251756 4770.375611
640 420.8463643 4770.010006
641 420.5634692 4769.795269
642 420.7212344 4769.428473
643 420.7611324 4769.709229
644 420.569539 4770.058092
645 420.6207083 4770.25064
646 420.897217 4770.442907
647 420.5646865 4769.794922
649 422.0670761 4771.318977
650 421.8762431 4771.415787
651 422.0289991 4771.213677
652 422.1172587 4771.20123
653 422.4948902 4771.166389
654 422.4176387 4770.843955
655 422.2640101 4770.585143
656 422.2428512 4770.235528
657 422.2901124 4769.995977
658 422.2075969 4770.249591
659 422.21582 4770.606905
660 422.4408563 4770.88845
661 422.5678606 4771.241196
663 432.4828689 4769.785076
664 432.5125997 4770.033671
665 432.33704 4770.136697
666 432.5728013 4769.938674
667 432.6480274 4769.86452
668 433.5788085 4770.214797
669 433.6659917 4770.390203
670 433.5981587 4770.245705
671 433.5582577 4770.18601
672 434.6722892 4770.087633
673 434.8902188 4770.223822
674 434.8660563 4770.310791
675 434.7921885 4770.060276
676 434.6841596 4769.958355
677 444.5357716 4771.071429
678 444.5044208 4770.719297
679 444.5156801 4770.612367
680 445.4250063 4770.155032
681 445.5720125 4770.408847
682 445.7661068 4770.658736
683 445.6754549 4770.887125
684 445.52273 4770.741191
685 445.2282957 4770.708675
687 446.4200129 4771.108131
688 446.2989314 4770.832882
689 446.1298824 4770.504374
691 433.0795061 4758.820107
692 432.8336155 4758.89981
693 432.9291914 4759.2004
694 433.21531 4759.283565
695 433.3003093 4758.759537
696 433.0330489 4758.80579
697 432.8339961 4758.905359
698 433.0046271 4759.101486
699 433.021118 4759.220269
700 433.292886 4759.328788
702 433.9563715 4758.119924
703 433.875075 4758.163355
704 433.9894098 4758.163252
705 433.9826195 4758.296477
706 434.1025408 4758.555312
707 434.062258 4758.665648
708 434.0032762 4758.688538
709 434.6036777 4759.165111
710 434.780211 4759.293589
711 434.9909616 4759.522921
712 435.0109312 4759.272961
713 434.9066651 4759.232303
714 435.0981533 4822.298149
715 435.1475277 4822.015222
716 435.1820389 4821.824182
