#V1 V2 V3
1191 403.0067001 4833.579191
1192 402.9521491 4833.327263
1193 402.8739757 4833.104337
1194 402.8516381 4832.865828
1195 403.0364081 4832.762172
1196 403.2082651 4832.59639
1197 403.1914738 4832.472884
1198 404.0451732 4833.310394
1199 404.0436073 4833.550027
1200 404.0278622 4833.768313
1201 404.0258264 4833.823218
1202 404.047239 4833.381348
1203 404.0134783 4833.1871
1204 404.0179866 4833.248355
1205 405.2020727 4831.953902
1206 405.2587903 4832.170491
1207 405.3899985 4832.326375
1208 405.4285694 4832.509674
1209 405.4078357 4832.521076
1210 405.4487018 4832.769882
1211 405.5620591 4832.828045
1212 405.6552212 4833.079004
1213 405.6169742 4833.141195
1214 422.9391619 4834.263074
1215 422.7504074 4834.370996
1216 422.6201633 4834.447366
1217 422.7302544 4834.378671
1218 422.8976376 4834.27777
1220 423.2423384 4833.035084
1221 423.4253894 4833.179053
1222 423.6693647 4833.220141
1223 423.9129552 4833.213481
1224 424.137853 4833.251249
1225 424.3420084 4833.195288
1226 424.5771262 4833.309931
1227 424.5395879 4833.278364
1228 424.3090731 4833.22143
1229 424.0968179 4833.217391
1230 423.8335524 4833.2316
1231 423.5686746 4833.224623
1232 423.3813855 4833.097582
1233 423.3249175 4833.061796
1234 423.9070257 4834.500809
1235 424.1111434 4834.430846
1236 424.2941017 4834.315031
1237 424.5014405 4834.45109
1238 424.700022 4834.576478
1239 424.5828657 4834.527702
1240 424.4175159 4834.381837
1241 424.2221103 4834.345615
1242 424.0109831 4834.451976
1243 423.9375883 4834.479468
1244 421.1074094 4830.123476
1245 421.0554296 4829.971803
1246 420.9526672 4829.804733
1247 420.9574537 4829.786349
1248 421.0154653 4829.90174
1249 421.0493986 4829.987313
1250 420.9805444 4829.438185
1251 420.7821586 4829.471073
1252 420.542025 4829.501796
1253 420.3623312 4829.599677
1254 420.1512513 4829.657061
1255 419.933271 4829.778292
1256 419.9549042 4829.758484
1257 420.1406531 4829.668406
1258 420.3913846 4829.579338
1259 420.5996516 4829.495337
1260 420.8196577 4829.448192
1261 420.8986509 4829.433153
1262 420.871591 4829.055146
1263 420.6739367 4828.946183
1264 420.5023779 4828.83314
1265 420.2685659 4828.793264
1266 420.4590524 4828.834543
1267 420.6650419 4828.937958
1268 420.7592728 4829.030258
1269 431.4976366 4830.243893
1270 431.5815769 4830.498946
1271 431.4369292 4830.540744
1272 431.4706723 4830.439767
1273 431.4562036 4830.279526
1274 431.2104654 4830.18941
1275 431.1421583 4830.146016
1276 431.5010148 4830.408579
1277 431.4563604 4830.279081
1278 431.1432811 4830.145338
1279 430.9600563 4830.061697
1280 430.8175182 4830.073942
1281 431.0629679 4830.135057
1282 431.2834297 4830.238533
1283 431.3971732 4830.275021
1284 431.1432811 4830.145338
1285 430.7756379 4830.08948
1286 431.1485859 4830.15117
1288 431.4606377 4830.271262
1289 431.4652506 4830.130597
1290 431.6195015 4830.277747
1291 431.3991777 4830.273779
1293 431.652491 4830.205324
1294 431.5275857 4830.126738
1295 431.3312952 4830.003901
1296 431.3201688 4829.878836
1297 431.4608316 4829.730114
1298 431.593446 4829.511723
1299 431.5950156 4829.507375
1300 431.4651388 4829.70941
1301 431.3879754 4829.975664
1303 432.6803387 4830.246789
1304 432.5444121 4830.274369
1305 432.6245805 4830.262677
1307 442.2190173 4829.121909
1308 442.3069274 4829.12515
1309 442.2319523 4829.124574
1310 442.0884748 4829.218777
1311 442.0379669 4829.182561
1312 442.2278162 4829.140937
1313 442.1000161 4829.19091
1314 442.0898102 4829.205215
1315 443.1952034 4829.345809
1316 443.2961856 4829.492453
1317 443.5056307 4829.545218
1318 443.3919328 4829.65036
1319 443.51615 4829.558236
1320 443.3413858 4829.51284
1321 443.1479311 4829.414295
1322 442.978474 4829.291559
1323 443.0991242 4829.178355
1324 444.7369329 4829.162207
1325 444.5390855 4829.233592
1326 444.5100174 4829.445973
1327 444.5393707 4829.658092
1328 444.5441854 4829.703591
1329 444.5143317 4829.528461
1330 444.5004593 4829.295443
1331 444.6740848 4829.203265
1332 444.6370009 4829.198018
1333 444.4906639 4829.311185
1334 444.5473904 4829.68135
1335 444.5133765 4829.539798
1336 444.5014863 4829.370739
1337 444.6630344 4829.203912
1338 407.1703971 4826.157032
1339 407.3082022 4826.107694
1340 407.203189 4826.285988
1342 408.1587371 4825.09793
1343 408.140241 4825.062415
1344 408.0611928 4825.175801
1345 408.1152536 4825.225269
1346 408.1644805 4825.198935
1347 416.91957 4826.254485
1348 416.7462853 4826.169326
1349 416.6244879 4825.97823
1350 416.436536 4825.980568
1351 416.511772 4825.790688
1352 416.5953789 4825.572269
1353 416.4965025 4825.28392
1354 416.5254841 4825.412965
1355 416.5510786 4825.633358
1356 416.5330621 4825.859847
1357 416.6082236 4825.994983
1358 416.7304217 4826.166302
1359 416.8613979 4826.218994
1360 415.38412 4825.978541
1361 415.2722905 4826.145348
1362 415.0243422 4826.147262
1363 414.9834865 4826.344944
1364 414.9730548 4826.350075
1365 414.8779454 4826.19155
1366 414.7033817 4826.058918
1367 414.8548603 4826.185845
1368 415.0889139 4826.113343
1369 415.3455026 4826.085774
1371 416.5169019 4825.456614
1372 416.4468966 4825.301643
1373 416.2631494 4825.254171
1374 416.0462464 4825.164575
1375 415.8456818 4825.077447
1376 416.0374188 4825.162575
1377 416.0894437 4825.209132
1378 416.2941626 4825.267335
1379 416.3256765 4825.307708
1380 426.5833008 4822.157568
1381 426.5494408 4821.957229
1382 426.6497102 4821.772863
1383 426.7475023 4821.634955
1384 426.6313279 4821.458284
1385 426.5134437 4821.266194
1386 426.5498763 4821.14717
1387 426.6551544 4820.939314
1388 426.594521 4821.010507
1389 426.457654 4821.17417
1390 426.5599735 4821.339105
1391 426.695325 4821.540223
1392 426.7232281 4821.735407
1393 426.6371581 4821.881186
1394 426.5383788 4822.098191
1396 427.8093007 4822.813715
1397 427.8503256 4822.587019
1398 427.7813409 4822.362061
1399 427.6219311 4822.202944
1400 427.6838163 4822.015453
1401 427.4748459 4821.876533
1402 427.5182282 4821.831302
1403 427.7198068 4821.958974
1404 427.7155519 4822.186718
1405 427.8892065 4822.378562
1406 427.904964 4822.506904
1407 427.8958131 4822.78324
1409 428.699314 4821.418026
1410 428.699195 4821.239312
1411 428.5489004 4820.972669
1412 428.5031828 4820.754011
1413 428.4876685 4820.716078
1414 428.5239374 4820.93517
1415 428.6719602 4821.139858
1416 428.6753123 4821.379516
1417 428.7100522 4821.577189
1418 428.7014762 4821.294379
1419 428.644376 4821.091279
1420 428.532413 4820.92675
1421 428.5019659 4820.738362
1422 428.5363684 4820.630034
1423 428.5337207 4820.859759
1424 428.608063 4821.050124
1425 428.708824 4821.217773
1426 428.6921833 4821.332354
1427 435.9907954 4821.583403
1428 436.1312559 4821.545413
1429 436.1356142 4821.349445
1430 436.2514288 4821.165747
1431 436.4148158 4820.996484
1432 436.5349764 4820.903605
1433 436.4392768 4820.977149
1434 436.3612365 4821.029646
1435 436.0467695 4821.615746
1438 436.7226216 4822.210232
1439 436.6542906 4822.100251
1440 436.6494181 4822.003333
1441 436.7612566 4821.87766
1442 436.8146822 4821.863051
1443 436.9549546 4821.977356
1444 436.8596865 4822.147188
1445 436.8257303 4822.170165
1446 411.3256863 4817.011539
1447 411.209551 4817.144588
1448 411.2015106 4817.233779
1449 411.1781944 4817.372379
1450 411.3078507 4817.179725
1451 411.1940631 4817.184114
1452 411.2286728 4817.098571
1453 411.2979737 4817.025456
1454 412.0077745 4816.718668
1455 412.1907595 4816.594425
1456 412.2209946 4816.476066
1457 412.404179 4816.583757
1458 412.3187819 4816.577094
1459 412.0889127 4816.659403
1461 413.4434021 4816.362039
1462 413.6534264 4816.388665
1463 413.6316837 4816.376837
1464 413.3981708 4816.334741
1465 413.3713 4816.339196
1466 418.8315785 4816.729863
1467 418.8300568 4816.952253
1468 418.8420202 4817.206693
1469 418.8631668 4817.451692
1470 418.8148286 4817.646768
1471 418.7988103 4817.525334
1472 418.7274015 4817.644159
1473 418.8346919 4817.490579
1474 418.8237704 4817.248789
1475 418.7530943 4817.013496
1476 418.8018928 4816.755768
1478 420.6765824 4816.592342
1479 420.7610657 4816.783394
1480 420.7806244 4817.002425
1481 420.7454154 4816.77958
1482 420.6674476 4816.61311
1483 420.4969287 4816.648333
1484 420.6191959 4816.491497
1485 420.630045 4816.485815
1486 421.5541103 4817.69224
1487 421.3782573 4817.607988
1488 421.4511841 4817.497506
1489 421.3349202 4817.331143
1490 421.16043 4817.274538
1491 421.1815798 4817.333826
1492 421.3591314 4817.355074
1493 421.4526223 4817.516816
1494 421.5627369 4817.468325
1495 421.5688024 4817.5309
1496 443.179226 4817.501581
1497 443.1390949 4817.602657
1498 443.0325758 4817.452952
1499 443.011016 4817.608517
1500 442.9888357 4817.738431
1501 443.150172 4817.660318
1502 443.2401684 4817.634457
1503 443.4899119 4819.514268
1504 443.4536742 4819.673732
1505 443.5352008 4819.806771
1506 443.6179842 4819.81063
1507 443.7469047 4819.610962
1508 443.8109692 4819.376409
1510 444.7503733 4819.129719
1511 444.6402573 4818.91871
1512 444.4838862 4818.744848
1513 444.3504528 4818.716407
1514 444.5246905 4818.596459
1515 444.6489312 4818.460379
1516 444.7172089 4818.280778
1517 444.6699894 4818.387013
1518 444.5424177 4818.599645
1519 444.3540032 4818.696163
1520 444.4680872 4818.90658
1521 444.4339458 4819.127329
1522 444.6463768 4819.210431
1523 444.7169886 4819.217403
1524 446.8649688 4813.493658
1525 446.8089504 4813.549411
1526 446.8102131 4813.678569
1527 446.8266447 4813.854255
1528 446.8307451 4813.799912
1529 446.8088976 4813.604166
1530 446.6412896 4813.479878
1531 446.7262888 4813.386243
1532 446.9559924 4813.353221
1533 447.0415071 4813.283244
1534 447.7895379 4815.334434
1535 447.7991117 4815.40111
1536 447.6935133 4815.53754
1537 447.5460459 4815.675519
1538 447.6830143 4815.580826
1539 447.6916781 4815.384618
1540 447.7157745 4815.332452
1541 448.4638912 4814.588214
1542 448.6261287 4814.610298
1543 448.5599399 4814.468085
1544 448.6071053 4814.395977
1545 448.8489303 4814.471659
1546 449.0390472 4814.341049
1547 449.0864741 4814.120894
1548 448.9802034 4814.249423
1549 448.960425 4814.275562
1550 399.5014051 4811.800539
1551 399.576875 4811.993699
1552 399.6813171 4812.160101
1553 399.6635243 4812.421634
1554 399.6933916 4812.645022
1555 399.6560544 4812.398196
1556 399.703866 4812.136438
1557 399.5921459 4812.024686
1558 399.4939948 4811.770324
1559 399.4877765 4811.700657
1560 400.6701643 4812.14212
1561 400.6187312 4812.374819
1562 400.721838 4812.436283
1563 400.8602951 4812.33216
1564 401.0160518 4812.413848
1565 401.0401988 4812.64199
1566 401.0228449 4812.804648
1567 401.4335901 4812.552023
1568 401.6487685 4812.725278
1569 401.6908301 4812.918391
1570 401.7297032 4813.153763
1571 401.7585749 4813.419162
1572 401.6799528 4813.647695
1573 401.586647 4813.856449
1574 401.6272754 4813.663683
1575 401.709675 4813.450201
1576 401.7165948 4813.198054
1577 401.7097995 4812.970768
1578 401.696711 4812.772454
1579 401.4986161 4812.594172
1581 407.7627606 4813.455345
1582 407.7639074 4813.285045
1583 407.7646842 4813.105419
1584 407.8925591 4813.096671
1585 407.9857594 4813.250353
1586 407.9200839 4813.322786
1587 408.7857549 4812.725178
1588 408.7694375 4812.631537
1589 408.5690167 4812.565829
1590 408.7048891 4812.609085
1591 408.562126 4812.719878
1592 408.6239989 4812.730035
1593 409.8989609 4812.824831
1594 409.6288136 4812.487661
1596 409.3019541 4812.189364
1597 409.5074204 4812.365438
1598 409.6222087 4812.562283
1599 409.7906266 4812.704206
1600 409.9392198 4812.858616
1601 410.3456736 4812.783327
1603 416.0496393 4813.143031
1604 415.9805004 4813.10024
1605 415.7596372 4813.035687
1606 415.4986297 4813.028292
1607 415.5608115 4813.077275
1608 415.6239738 4813.101253
1609 415.6903801 4813.177619
1610 415.4929103 4813.120557
1611 415.6802356 4813.103992
1612 415.5585964 4813.094186
1613 415.5590022 4812.978106
1614 415.8195739 4813.0476
1615 416.0379577 4813.127515
1617 416.5117402 4812.639337
1618 416.3714803 4812.655183
1619 416.3164736 4812.740728
1620 416.4689688 4812.804814
1621 416.3412654 4813.056207
1622 416.2152715 4813.158074
1623 416.3418859 4813.067085
1624 416.4673517 4812.896249
1625 416.3658179 4812.720455
1626 416.3167435 4812.664749
1627 416.5441692 4812.625051
1628 416.8123597 4812.6234
1629 416.8751737 4812.573307
1630 417.2550924 4812.439228
1631 417.3773113 4812.456056
1632 417.4496578 4812.463722
1633 417.3310216 4812.560812
1634 417.4679331 4812.628
1635 417.6217311 4812.69354
1636 417.4615015 4812.624747
1637 417.3660821 4812.60259
1638 408.1633198 4804.453739
1639 408.3101898 4804.644575
1640 408.1745688 4804.768714
1641 407.9982599 4804.765892
1642 408.0387753 4804.77867
1643 408.2627969 4804.841159
1644 408.2734077 4804.775479
1645 408.2285359 4804.561265
1647 408.7650499 4806.161399
1648 408.7040133 4806.031819
1649 408.6864177 4805.910538
1650 408.6579171 4805.695655
1651 408.7935334 4805.607959
1652 408.9152886 4805.639306
1653 408.8040987 4805.670575
1654 408.6642082 4805.82542
1655 408.6610258 4806.051173
1656 408.7709613 4806.035468
1657 409.9040825 4805.924615
1658 410.0619994 4805.649704
1660 409.9690396 4805.317268
1661 410.1721768 4805.438413
1662 410.0328417 4805.601108
1663 409.9417657 4805.823032
1664 409.8755619 4806.032962
1665 409.8980726 4806.075093
1666 419.6421458 4806.88754
1667 419.5780122 4806.72436
1668 419.5936489 4806.534684
1669 419.5754552 4806.421384
1670 419.60485 4806.203664
1671 419.6829529 4806.342686
1672 419.7363466 4806.392589
1673 419.689795 4806.352823
1674 419.5693058 4806.272286
1675 419.6014629 4806.504045
1676 419.4919794 4806.735049
1677 419.5432933 4806.902713
1679 420.9543984 4806.628685
1680 421.072652 4806.416153
1681 421.1193592 4806.248221
1682 420.9301114 4806.248991
1683 421.0325506 4806.047862
1684 421.0084731 4806.038813
1685 420.9784098 4806.00962
1686 420.9293837 4806.255997
1687 421.1084254 4806.248126
1689 421.6013791 4806.813961
1690 421.7148831 4806.623377
1691 421.5751972 4806.435287
1692 421.5852855 4806.209249
1693 421.742891 4806.091572
1694 421.7398859 4805.874239
1695 421.8496741 4805.885629
1696 421.7282002 4806.095741
1697 421.5311791 4806.278076
1698 421.6209772 4806.472409
1699 421.6949783 4806.680587
1700 421.6546203 4806.733704
1701 431.4172486 4805.242984
1702 431.4498963 4805.315624
1703 431.4782058 4805.359875
1704 431.0593588 4805.695899
1705 431.1859519 4805.649514
1706 431.1206024 4805.761249
1707 430.9793526 4805.839218
1708 430.9124782 4806.007171
1709 430.863424 4805.866838
1710 430.8714895 4805.792451
1711 430.925871 4805.820216
1712 432.4597996 4805.506369
1713 432.4298076 4805.633176
1714 432.37665 4806.042438
1715 432.2733481 4806.319811
1716 432.3776304 4806.487922
1717 432.5936141 4806.887495
1719 432.8497483 4807.142286
1720 432.8002332 4806.999612
1721 432.7965832 4806.925789
1722 433.1912357 4805.265184
1723 433.0902091 4805.490763
1724 433.0434574 4805.553869
1725 432.9932495 4805.782722
1726 433.129292 4805.76538
1727 433.2946467 4805.60003
1728 433.3870924 4805.390755
1729 433.4115817 4805.303548
1730 443.3276482 4805.898537
1731 443.1606212 4805.767664
1732 443.3605989 4805.830067
1733 443.3856939 4805.944919
1734 443.212843 4806.093754
1735 443.1179938 4806.234827
1736 443.0279502 4806.129297
1737 443.1635361 4806.056185
1739 443.7997852 4805.503533
1740 443.8288967 4805.391338
1741 443.8117862 4805.573515
1742 443.7994193 4805.586057
1743 445.3921228 4806.30079
1744 445.250763 4806.492854
1745 445.1722952 4806.591671
1746 445.2901192 4806.443444
1747 445.3928347 4806.358759
1748 445.5363201 4806.248646
1749 445.5831612 4806.203177
1750 408.3029448 4794.456165
1751 408.1354956 4794.588058
1752 408.0543822 4794.457645
1753 407.9683093 4794.338629
1754 408.0927314 4794.246413
1755 408.2236107 4794.2653
1756 408.3837007 4794.236475
1757 408.5060689 4794.400214
1758 408.5103702 4794.436366
1759 408.9273447 4794.349331
1760 408.9334702 4794.352359
1761 409.0392071 4794.275518
1762 409.2365505 4794.168795
1763 409.3761862 4794.053962
1764 409.3024265 4793.810806
1765 409.1054419 4793.715254
1766 408.9913355 4793.652917
1767 409.1812652 4793.706129
1768 409.3005517 4793.810164
1769 409.4811504 4793.93071
1770 409.4295993 4794.098456
1771 409.2560392 4794.151872
1772 409.1546515 4794.19033
1773 410.1959099 4794.833348
1774 410.104925 4794.68327
1775 410.087079 4794.518339
1776 410.1747112 4794.354119
1777 410.1073327 4794.198174
1778 410.1042916 4794.397039
1779 410.0879329 4794.674388
1780 410.1207292 4794.743263
1781 431.6313371 4794.958101
1782 431.5803424 4794.824115
1783 431.6364797 4794.696044
1784 431.5307534 4794.700999
1785 431.5097152 4794.722203
1786 431.4341322 4794.924331
1788 432.549929 4793.33433
1789 432.5252315 4793.249499
1790 432.5631248 4793.176485
1791 432.3970818 4793.115387
1792 432.4575179 4793.20397
1793 433.0275948 4794.388937
1794 433.1088964 4794.341597
1795 433.4817628 4794.370136
1796 433.5799727 4794.44192
1797 433.4033745 4794.367463
1798 433.1056672 4794.359622
1799 432.8728062 4794.379584
1800 432.9550081 4794.382324
1801 433.1783748 4794.345576
1802 433.4294785 4794.340995
1803 433.5564498 4794.400723
1804 433.4909053 4794.392481
1805 433.2684876 4794.393779
1806 433.2153102 4794.372868
1807 443.6312636 4795.635286
1808 443.6403666 4795.471948
1809 443.6558305 4795.234701
1810 443.6474418 4794.986768
1811 443.7135527 4795.21212
1812 443.7115091 4795.346856
1813 444.7181655 4795.732503
1814 444.5483527 4795.674362
1815 444.5839596 4795.456722
1816 444.6023106 4795.588291
1817 444.7079048 4795.796892
1818 444.8601374 4795.947473
1819 444.8502638 4795.910125
1820 445.7853409 4795.558172
1821 445.7348712 4795.56524
1822 445.6407815 4795.594093
1823 445.6597244 4795.458335
1824 445.6496292 4795.372676
1825 445.7167855 4795.423559
1826 445.7359797 4795.440398
1827 455.4137013 4796.082341
1828 455.3309132 4795.899083
1829 455.3278015 4795.673208
1830 455.2997808 4795.457938
1831 455.4017276 4795.34765
1832 455.4609637 4795.30317
1833 455.3456655 4796.057912
1835 455.3307466 4795.898418
1836 455.3141422 4795.766255
1837 455.3244039 4795.477766
1838 455.5369901 4795.320662
1839 455.6776598 4795.57451
1840 455.832424 4795.715544
1841 455.7610474 4795.924913
1842 455.7815467 4796.133349
1843 455.8548805 4796.386197
1845 455.6836762 4795.576803
1848 455.7830012 4796.132562
1851 456.4260482 4796.092744
1852 456.3060059 4796.051093
1853 456.3708906 4795.826112
1854 456.5572499 4795.66199
1855 456.5878082 4795.457112
1856 456.5766493 4795.247171
1857 456.612229 4795.357336
1858 456.58035 4795.57144
1859 456.4862509 4795.719086
1860 456.3228274 4795.930818
1861 456.3079107 4796.094949
1862 456.3687251 4796.144533
1863 457.2789668 4796.283884
1864 457.3315051 4796.115299
1865 457.3278399 4795.98405
1866 457.1893311 4795.868423
1867 457.2875212 4795.685888
1868 457.3241852 4795.519846
1869 457.1861745 4795.317701
1870 457.2187782 4795.356365
1871 457.3528003 4795.582192
1872 457.1580642 4795.5792
1873 457.115958 4795.743168
1874 457.252429 4795.920777
1875 457.3515815 4796.109841
1876 457.3737705 4796.182334
1877 415.8433475 4790.195232
1878 415.7808072 4790.486794
1879 415.8976166 4790.774909
1880 416.035769 4790.965129
1881 415.9732173 4790.980565
1882 415.8707546 4790.768799
1883 415.7318243 4790.608137
1884 415.742184 4790.527259
1885 417.0992701 4789.054845
1886 417.0735807 4789.231539
1887 417.3608122 4789.363875
1889 417.1686267 4789.45563
1890 417.0530788 4789.314426
1891 417.0288509 4789.15889
1892 416.9807803 4788.985763
1893 417.0461904 4788.950087
1894 417.0758024 4789.160871
1895 417.027624 4789.324178
1896 417.2724654 4789.289312
1897 417.3737838 4789.369049
1898 417.1710775 4789.303877
1899 417.1542102 4789.451807
1900 417.0537228 4789.313974
1901 416.9224743 4788.978257
1902 417.0194177 4788.958411
1903 417.2049998 4788.98991
1904 417.4719234 4788.980551
1905 417.3891247 4788.988556
1906 417.1981306 4788.985885
1907 417.1258734 4788.946226
1908 417.6594171 4788.982495
1909 417.9655342 4789.226586
1910 418.0376049 4789.278363
1911 418.208602 4789.58963
1912 418.3160441 4789.687077
1913 418.1174934 4789.534082
1914 417.9907701 4789.339684
1915 417.8286556 4789.186702
1916 417.6336591 4788.980808
1918 409.0173053 4774.846148
1919 408.9551794 4774.67215
1920 408.9553128 4774.456669
1921 408.8104826 4774.335426
1922 408.9920499 4774.423079
1923 409.1513263 4774.584675
1924 409.1952801 4774.793571
1925 409.1520573 4774.902109
1926 409.1021937 4774.921322
1927 409.9328636 4774.696263
1928 409.891896 4774.48999
1929 409.9537088 4774.278471
1930 409.7916658 4774.14666
1931 409.5433949 4774.041988
1932 409.4430696 4773.889374
1933 409.4671565 4773.705453
1934 409.3860534 4773.762843
1935 409.5258253 4774.024116
1936 409.7324497 4774.142224
1937 409.9525238 4774.164083
1938 410.0675796 4774.139129
1939 410.2920625 4774.050869
1940 410.2172729 4774.235676
1941 410.0809312 4774.337104
1942 410.0302252 4774.558138
1943 410.0403029 4774.637421
1944 410.6317221 4773.635558
1945 410.7518232 4773.510253
1946 410.8584085 4773.315596
1947 410.7834657 4773.154524
1948 410.6491132 4773.043545
1949 410.7101072 4772.897133
1950 410.6283806 4772.728265
1951 410.7062333 4772.893407
1952 410.611242 4773.097355
1953 410.8292464 4773.126713
1954 410.8345609 4773.414983
1955 410.6943353 4773.600862
1956 410.6193613 4773.598956
1957 412.7141649 4786.417422
1958 412.5085725 4786.561351
1959 412.3360922 4786.715189
1960 412.357024 4786.795224
1961 412.3500627 4786.809642
1962 412.2850045 4787.048511
1963 412.2871483 4787.095022
1964 412.3968761 4786.604221
1966 412.3177863 4786.819722
1967 412.2881141 4787.094343
1968 412.3504712 4786.879057
1969 412.3332971 4786.643361
1970 412.5452729 4786.554103
1971 412.7757334 4786.366871
1972 412.870557 4786.274575
1974 412.2880209 4787.087125
1978 412.6219475 4786.484696
1980 412.8720103 4786.27389
1981 413.3994926 4786.885816
1982 413.4739793 4787.03959
1983 413.3649542 4786.935128
1984 413.2130088 4786.840769
1985 413.1904851 4786.838724
1986 414.2216436 4784.954291
1987 414.1357521 4785.184182
1988 414.1669955 4785.310187
1989 414.341491 4785.47126
1990 414.2334011 4785.744193
1991 414.0862474 4785.862788
1992 414.2375247 4785.723371
1993 414.3709294 4785.493103
1994 414.5240212 4785.328901
1995 414.5504989 4785.050667
1996 414.5708629 4784.880473
1997 414.4744022 4784.742736
1998 420.1416206 4781.534879
1999 420.3665631 4781.67752
2000 420.6344892 4781.778237
2001 420.5712449 4781.8886
2002 420.7368529 4781.809365
2003 420.585534 4781.706281
2004 420.4255271 4781.625183
2005 420.2357901 4781.684605
2007 421.2557539 4781.363399
2008 421.4108418 4781.50455
2009 421.4660383 4781.589768
2010 421.3601885 4781.946075
2011 421.4413302 4782.173937
2012 421.4113017 4782.212713
2013 421.2719607 4782.005295
2014 421.1414601 4781.803996
2015 421.1371958 4781.632446
2016 421.0801466 4781.401864
2017 421.0448674 4781.352515
2019 421.4121104 4782.21237
2021 421.8887099 4782.922712
2022 421.9309429 4783.033961
2023 421.7218834 4782.930073
2024 421.8946962 4783.047706
2025 421.8843931 4782.893551
2026 421.9797512 4782.726854
2027 422.1023828 4782.620823
2028 422.1741029 4782.411639
2029 422.2329925 4782.238478
2030 422.344777 4782.227649
2031 422.2279318 4782.392919
2032 422.3912669 4782.527111
2033 422.5241622 4782.693419
2035 421.880615 4782.918362
2036 421.8906589 4782.880151
2037 422.0003039 4782.712069
2038 422.1644264 4782.581572
2039 422.2128301 4782.23782
2040 422.2475642 4782.375701
2041 422.4818341 4782.587388
2042 422.5248884 4782.692966
2043 422.2900773 4782.71797
2044 422.1055644 4782.742516
2045 421.9475967 4782.955689
2046 421.9223579 4783.050609
2047 431.9127056 4782.33739
2048 431.7750958 4782.423622
2049 431.8522862 4782.422626
2050 432.0373601 4782.353136
2051 432.1871558 4782.339424
2052 432.1028775 4782.314276
2053 433.2675392 4783.181706
2054 433.175132 4783.270465
2055 433.2751323 4783.226834
2056 433.3195856 4783.3519
2057 433.4210585 4783.26783
2058 433.5263999 4783.379751
2059 433.6345611 4783.348041
2060 433.5370646 4783.381868
2061 433.9732656 4783.361292
2062 434.0202994 4783.552753
2063 433.9466563 4783.674972
2064 433.9761134 4783.713114
2065 434.075128 4783.509351
2066 434.0976525 4783.318437
2067 434.030484 4783.279328
2068 443.8490137 4781.806239
2069 443.7431697 4781.978923
2070 443.9045103 4781.982589
2071 443.9337815 4781.876063
2072 444.0177832 4781.675241
2073 444.0035723 4781.577847
2074 443.9769858 4781.615938
2075 445.3628178 4782.703047
2076 445.1580228 4782.799985
2077 445.027091 4782.695646
2078 445.0151319 4782.472734
2079 445.1583425 4782.799316
2081 445.0125893 4782.459761
2082 444.9219668 4782.256699
2083 445.0594243 4782.000706
2084 445.1000408 4781.9283
2085 445.2914063 4781.936754
2086 445.3524247 4781.9758
2087 445.8045564 4782.064807
2088 446.0442025 4782.157191
2089 445.9656438 4782.374714
2090 445.7610666 4782.521608
2091 445.6125653 4782.699046
2092 445.6124613 4782.686053
2094 445.4806636 4781.986433
2095 445.505081 4781.94048
2096 445.7292173 4781.931359
2097 445.8258759 4781.976567
2099 413.5416885 4770.012846
2100 413.4315494 4770.03379
2101 413.140916 4769.901976
2102 412.8925102 4770.011211
2103 412.958318 4769.833994
2104 412.7570922 4769.799576
2105 413.086278 4770.003966
2106 413.135406 4769.891272
2107 413.3171413 4769.827431
2108 413.4405617 4769.999688
2110 413.7577408 4769.346034
2111 413.926185 4769.544054
2112 413.8248398 4769.688278
2113 413.6715759 4769.866591
2114 413.8035293 4769.644897
2115 413.8214048 4769.428976
2116 413.7822708 4769.315402
2117 413.8416945 4769.623756
2118 413.7538994 4769.673735
2119 413.6423736 4769.958925
2121 414.01369 4769.716552
2122 413.9037328 4769.655517
2123 413.6554721 4769.78427
2124 413.7904277 4769.651948
2125 413.8413638 4769.423282
2126 413.7878061 4769.205596
2127 413.8074533 4768.975103
2128 413.8686386 4768.951673
2129 414.3966225 4769.028115
2130 414.4402248 4769.161073
2131 414.3316602 4769.425666
2132 414.3689097 4769.604019
2133 414.3108231 4769.802672
2134 414.1402079 4769.819143
2135 414.2093688 4769.834823
2136 414.088438 4769.742601
2138 414.0595081 4768.834646
2141 420.5465843 4769.729604
2142 420.6555589 4769.389252
2143 420.8320962 4769.530701
2144 420.7634265 4769.69643
2145 420.6402802 4769.819144
2146 420.562912 4769.894346
2147 420.570994 4770.050189
2148 420.6224645 4770.22663
2149 420.7315836 4770.340982
2150 420.8095468 4770.478798
2151 420.8911064 4770.238728
2152 420.8463643 4770.010006
2153 420.6388064 4769.874472
2154 420.5492307 4769.740124
2155 420.7212344 4769.428473
2156 420.8192216 4769.593047
2157 420.6418929 4769.817792
2158 420.569539 4770.058092
2159 420.6215438 4770.168442
2160 420.897217 4770.442907
2163 420.5646865 4769.794922
2165 422.1116035 4771.290591
2166 421.9005364 4771.390519
2167 421.8911478 4771.352531
2168 421.9459996 4771.2234
2169 422.1177578 4771.187896
2170 422.1662722 4771.230659
2171 422.4750614 4771.233808
2172 422.43557 4771.039337
2173 422.4070736 4770.802536
2174 422.3015455 4770.66435
2175 422.2546877 4770.44564
2176 422.2555287 4770.21206
2177 422.2630202 4770.026273
2178 422.2823968 4770.119237
2179 422.2075969 4770.249591
2180 422.2548636 4770.518275
2181 422.2489957 4770.710707
2182 422.4408563 4770.88845
2183 422.4883699 4771.115484
2184 422.5428377 4771.17373
2185 432.4585814 4769.708351
2186 432.5609977 4769.938791
2187 432.4508794 4770.049052
2188 432.2756367 4770.151077
2189 432.4698541 4770.041424
2190 432.5903342 4769.900407
2191 432.7155581 4769.785889
2192 432.6856899 4769.762194
2193 433.2731346 4770.049741
2194 433.5788085 4770.214797
2195 433.7590059 4770.428727
2196 433.7014176 4770.265915
2197 433.525475 4770.121691
2198 433.4635226 4770.08831
2199 434.6292577 4770.040177
2200 434.8185193 4770.089567
2201 434.8671883 4770.250252
2202 434.844778 4770.298999
2203 434.886654 4770.217081
2204 434.7921885 4770.060276
2205 434.550942 4769.929867
2206 434.5626558 4769.962851
2207 444.6014239 4771.067342
2208 444.5158345 4770.911778
2209 444.5285845 4770.677787
2210 444.5279354 4770.467671
2211 444.5347843 4770.428967
2212 445.0992902 4770.062245
2213 445.4250063 4770.155032
2214 445.5720125 4770.408847
2215 445.7661068 4770.658736
2216 445.5468694 4770.757102
2217 445.6754549 4770.887125
2218 445.6149926 4770.797095
2219 445.4253322 4770.664229
2220 445.2282957 4770.708675
2221 445.1558448 4770.707924
2222 446.4793645 4771.172411
2223 446.3103849 4771.00582
2224 446.3223507 4770.767841
2225 446.1635823 4770.5663
2226 446.1298824 4770.504374
2227 433.0795061 4758.820107
2228 432.9462754 4758.788092
2229 432.8336155 4758.89981
2230 432.9844002 4759.117676
2231 433.1662505 4759.269606
2232 433.21531 4759.283565
2233 433.3003093 4758.759537
2234 433.2521796 4758.757673
2235 433.0330489 4758.80579
2236 432.8393894 4758.815015
2237 432.9269183 4758.993186
2238 432.9830163 4759.117912
2239 432.9653711 4759.189607
2240 433.0951655 4759.25464
2241 433.292886 4759.328788
2242 433.3152669 4758.771497
2244 433.9917758 4758.087154
2245 433.9244258 4758.198418
2246 433.8505482 4758.190801
2247 433.9198855 4758.125051
2248 434.0742852 4758.220519
2249 433.9488298 4758.335895
2250 434.0256033 4758.508963
2251 434.1894725 4758.631996
2252 434.062258 4758.665648
2253 434.0032762 4758.688538
2254 434.6168992 4759.106567
2255 434.6278345 4759.312588
2256 434.8434394 4759.263112
2257 434.9689295 4759.435172
2258 435.0647342 4759.478131
2259 434.9866803 4759.277966
2260 434.7835876 4759.168615
2261 434.781361 4759.15742
2262 435.107845 4822.398241
2263 435.1279413 4822.145363
2264 435.1475277 4822.015222
2265 435.1820389 4821.824182
2266 435.1226825 4822.495839
