#TrapID X Y
1 403.0018972 4833.514943
2 402.9086876 4833.222806
3 402.8516381 4832.865828
4 403.1032556 4832.765648
5 403.2082651 4832.59639
6 404.0451732 4833.310394
7 404.0321584 4833.674162
8 404.0258264 4833.823218
9 404.0316022 4833.264044
10 404.0080024 4833.176515
11 405.1935105 4831.99879
12 405.3489411 4832.275523
13 405.4285694 4832.509674
14 405.4078357 4832.521076
15 405.5620591 4832.828045
16 405.6169742 4833.141195
18 422.899889 4834.263193
19 422.6649477 4834.372983
20 422.7302544 4834.378671
21 422.8390516 4834.372417
22 423.2919379 4833.069727
23 423.5818987 4833.231358
24 423.9129552 4833.213481
25 424.2301985 4833.243538
26 424.5326586 4833.278998
27 424.4691459 4833.218622
28 424.1601329 4833.245776
29 423.8335524 4833.2316
30 423.4893269 4833.2122
31 423.3813855 4833.097582
32 423.9601588 4834.471548
33 424.2393445 4834.343531
34 424.5014405 4834.45109
35 424.7442491 4834.615524
36 424.4733011 4834.43008
37 424.1767193 4834.403555
38 424.0903642 4834.433192
39 421.1090861 4830.08769
40 420.9817807 4829.864704
41 420.9574537 4829.786349
42 421.0493986 4829.987313
43 421.0578737 4830.014872
44 420.955931 4829.44514
45 420.6605043 4829.475067
46 420.3623312 4829.599677
47 420.0614809 4829.722222
48 419.8884533 4829.78938
49 420.1889046 4829.640617
50 420.4789335 4829.516984
51 420.8196577 4829.448192
52 420.8986509 4829.433153
53 420.8278037 4829.058329
54 420.5517906 4828.895868
55 420.2685659 4828.793264
56 420.5734189 4828.902499
57 420.6650419 4828.937958
58 431.5021009 4830.29383
59 431.5385545 4830.607904
60 431.4706723 4830.439767
61 431.332872 4830.252244
62 431.1421583 4830.146016
63 431.5010148 4830.408579
64 431.1432811 4830.145338
65 430.9600563 4830.061697
66 430.9072851 4830.085345
67 431.2381892 4830.21756
68 431.1432811 4830.145338
69 430.7756379 4830.08948
70 431.1485859 4830.15117
71 431.3991777 4830.273779
72 431.4230714 4830.101261
73 431.6711391 4830.332756
74 431.3991777 4830.273779
76 431.6718131 4830.161475
77 431.3910933 4830.075264
78 431.3201688 4829.878836
79 431.5152585 4829.639033
80 431.5960389 4829.489038
81 431.445203 4829.795807
82 431.4258734 4829.886195
83 432.6085209 4830.2464
84 432.5240056 4830.259135
85 432.5825463 4830.231111
86 442.2190173 4829.121909
87 442.3016823 4829.125195
88 442.0884748 4829.218777
89 442.0884715 4829.153024
90 442.1000161 4829.19091
92 443.1611555 4829.375086
93 443.4401059 4829.535553
94 443.3919328 4829.65036
95 443.4914014 4829.542006
96 443.1783329 4829.392823
97 443.0323118 4829.226571
98 443.0991242 4829.178355
99 444.6950118 4829.177102
100 444.4735992 4829.394294
101 444.5393707 4829.658092
102 444.5454454 4829.621834
103 444.4771211 4829.361611
104 444.7251634 4829.183295
105 444.4906639 4829.311185
106 444.5473904 4829.68135
107 444.5133765 4829.539798
108 444.5014863 4829.370739
109 407.2211703 4826.143999
110 407.2594032 4826.251886
111 407.2567751 4826.28958
112 408.1587371 4825.09793
113 408.1125581 4825.181762
114 408.1152536 4825.225269
115 408.1425858 4825.210121
116 416.8794283 4826.233989
117 416.6732896 4826.039161
118 416.436536 4825.980568
119 416.5318462 4825.703687
120 416.594067 4825.564177
121 416.5273704 4825.486697
122 416.5143682 4825.759221
123 416.6082236 4825.994983
124 416.8613979 4826.218994
126 415.3675217 4825.99419
127 415.1095334 4826.115637
128 414.9834865 4826.344944
129 415.0038413 4826.269042
130 414.7574355 4826.061563
131 414.9188503 4826.188921
132 415.2407476 4826.147635
133 415.3009856 4826.128546
134 416.521846 4825.419119
135 416.3292408 4825.302109
136 416.0462464 4825.164575
137 415.9201658 4825.124499
138 416.1338484 4825.227572
139 416.1831644 4825.244839
140 426.6010125 4822.129717
141 426.5750551 4821.846654
142 426.7475023 4821.634955
143 426.5648885 4821.389589
144 426.5100349 4821.161379
145 426.6779336 4820.916406
146 426.5258124 4821.148544
147 426.5599735 4821.339105
148 426.7244901 4821.60666
149 426.6299187 4821.876711
150 426.5968681 4821.987034
151 427.8209808 4822.773048
152 427.8499397 4822.438297
153 427.6219311 4822.202944
154 427.5762971 4821.926754
155 427.4748902 4821.783342
156 427.7198068 4821.958974
157 427.8207079 4822.26656
158 427.904964 4822.506904
159 427.9227734 4822.660882
160 428.699314 4821.418026
161 428.7065375 4821.116499
162 428.5031828 4820.754011
163 428.5155705 4820.817079
164 428.6615724 4821.112756
165 428.6742383 4821.438174
166 428.6682523 4821.429907
167 428.644376 4821.091279
168 428.5142032 4820.832865
169 428.5390183 4820.590465
170 428.5331584 4820.882868
171 428.6931538 4821.111643
172 428.7011144 4821.260284
173 436.0268915 4821.606939
174 436.113728 4821.452393
175 436.2514288 4821.165747
176 436.5343509 4820.948594
177 436.4823935 4820.914098
178 436.3612365 4821.029646
179 436.0467695 4821.615746
181 436.6984484 4822.199686
182 436.6618479 4822.053531
183 436.7612566 4821.87766
184 436.8687861 4821.8862
185 436.8982441 4822.106618
186 436.8848834 4822.120516
187 411.3256863 4817.011539
188 411.098634 4817.194927
189 411.1781944 4817.372379
190 411.2886817 4817.160872
191 411.2032214 4817.155112
192 411.2734514 4817.060547
193 412.0546909 4816.701393
194 412.2201241 4816.477521
195 412.404179 4816.583757
196 412.2562107 4816.547363
197 412.1526872 4816.626468
198 413.458098 4816.354075
199 413.7489204 4816.394439
200 413.3981708 4816.334741
201 413.3683708 4816.33779
202 418.7983759 4816.799352
203 418.8299629 4817.085212
204 418.8631668 4817.451692
205 418.8016064 4817.495755
206 418.7203625 4817.663793
207 418.8363511 4817.460569
208 418.7863016 4817.105288
209 418.7754683 4816.911148
210 420.672413 4816.609052
211 420.7674957 4816.903723
212 420.7454154 4816.77958
213 420.5828642 4816.633212
214 420.5951309 4816.501
215 420.6344641 4816.48343
216 421.4905516 4817.704866
217 421.4219955 4817.566491
218 421.3349202 4817.331143
219 421.1514801 4817.352506
220 421.3232626 4817.329835
221 421.4871435 4817.551402
222 421.5699615 4817.547103
223 421.56894 4817.521901
224 443.1738706 4817.547052
225 443.0390071 4817.534643
226 443.011016 4817.608517
227 443.0615964 4817.662955
228 443.150172 4817.660318
229 443.4467952 4819.518851
230 443.4796608 4819.756036
231 443.6179842 4819.81063
232 443.7458642 4819.573541
233 443.7606688 4819.498114
234 444.7248449 4819.062178
235 444.51824 4818.823643
236 444.3504528 4818.716407
237 444.5984944 4818.587854
238 444.7136735 4818.342338
239 444.663756 4818.474251
240 444.4064155 4818.642085
241 444.4680872 4818.90658
242 444.5126733 4819.177436
243 444.5781332 4819.20644
244 446.8334516 4813.528004
245 446.8052636 4813.584425
246 446.8266447 4813.854255
247 446.817607 4813.744261
248 446.6898247 4813.500707
249 446.792551 4813.388163
250 446.9559924 4813.353221
251 447.778093 4815.339299
252 447.7119665 4815.487639
253 447.5460459 4815.675519
254 447.6905677 4815.52268
255 447.6916781 4815.384618
256 448.4991899 4814.624928
257 448.6492549 4814.482619
258 448.6071053 4814.395977
259 448.9140478 4814.430848
260 449.0775799 4814.185379
261 449.0126028 4814.181095
262 399.5218414 4811.863108
263 399.7065039 4812.10163
264 399.6635243 4812.421634
265 399.695737 4812.536237
266 399.6516852 4812.186314
267 399.5644618 4811.953561
268 399.5013702 4811.830755
269 400.638661 4812.184352
270 400.6547158 4812.510365
271 400.8602951 4812.33216
272 401.0472555 4812.483372
273 401.0401988 4812.64199
274 401.4855053 4812.588477
275 401.7309222 4812.860155
276 401.7297032 4813.153763
277 401.7405868 4813.494961
278 401.617528 4813.805011
279 401.6272754 4813.663683
280 401.7056361 4813.350841
281 401.7097995 4812.970768
282 401.6389583 4812.707314
283 401.5729856 4812.650071
284 407.77289 4813.421105
285 407.804386 4813.198293
286 407.8925591 4813.096671
287 407.9200839 4813.322786
288 407.9093541 4813.33093
289 408.7862643 4812.697068
290 408.6676276 4812.576155
291 408.7048891 4812.609085
292 408.5550087 4812.648551
293 409.8989609 4812.824831
294 409.6288136 4812.487661
295 409.3019541 4812.189364
296 409.5074204 4812.365438
297 409.7906266 4812.704206
298 410.1277022 4812.84388
300 415.9989298 4813.111895
301 415.8164341 4813.055303
302 415.4986297 4813.028292
303 415.5537796 4813.077807
304 415.7169494 4813.147963
305 415.4929103 4813.120557
306 415.5827968 4813.088551
307 415.5590022 4812.978106
308 415.8720649 4813.091708
309 415.9750558 4813.098309
310 416.5357087 4812.640928
311 416.2501867 4812.725779
312 416.4689688 4812.804814
313 416.3382908 4813.155435
314 416.3621968 4813.11304
315 416.4872876 4812.827135
316 416.2580144 4812.743676
317 416.5441692 4812.625051
318 416.8751737 4812.573307
319 416.9390525 4812.530755
320 417.2819851 4812.494436
321 417.4882182 4812.467582
322 417.3310216 4812.560812
323 417.5084217 4812.630836
324 417.502254 4812.63591
325 417.422271 4812.612343
326 408.177536 4804.504308
327 408.2955292 4804.716308
328 407.9982599 4804.765892
329 408.1401178 4804.820611
330 408.2734077 4804.775479
331 408.3541513 4804.696407
332 408.722767 4806.13098
333 408.6730745 4805.977921
334 408.6579171 4805.695655
335 408.875206 4805.63407
336 408.8040987 4805.670575
337 408.6463572 4805.894863
338 408.6325428 4806.041117
339 409.9040825 4805.924615
340 410.0619994 4805.649704
341 409.9690396 4805.317268
342 410.0528763 4805.481655
343 409.9714909 4805.786646
344 409.8764861 4805.932314
345 419.5972202 4806.882077
346 419.5862281 4806.625519
347 419.5754552 4806.421384
348 419.6355379 4806.244062
349 419.7974535 4806.341991
350 419.6606341 4806.29097
351 419.5761633 4806.440036
352 419.4919794 4806.735049
353 419.4565108 4806.809669
354 420.9543984 4806.628685
355 421.1127869 4806.344153
356 420.9301114 4806.248991
357 421.0852138 4805.973605
358 421.0109006 4806.02479
359 420.9519939 4806.264285
360 421.0246681 4806.204788
361 421.6336974 4806.758938
362 421.6513026 4806.489717
363 421.5852855 4806.209249
364 421.8052511 4805.965893
365 421.8094532 4805.853218
366 421.6587643 4806.120871
367 421.5524015 4806.417891
368 421.6949783 4806.680587
370 431.4172486 4805.242984
371 431.4782058 4805.359875
372 431.0593588 4805.695899
373 431.1585764 4805.657235
374 431.0346067 4805.849427
375 430.8927739 4806.020478
376 430.8349724 4805.721963
377 430.8714895 4805.792451
378 432.4298076 4805.633176
379 432.37665 4806.042438
380 432.2733481 4806.319811
381 432.3776304 4806.487922
382 432.5936141 4806.887495
383 432.8497483 4807.142286
384 432.8002332 4806.999612
385 433.1693782 4805.339816
386 433.1043238 4805.47674
387 432.9932495 4805.782722
388 433.2009543 4805.707248
389 433.3801298 4805.440249
390 433.4004646 4805.334201
391 443.3119819 4805.87479
392 443.2807017 4805.8143
393 443.3856939 4805.944919
394 443.1734333 4806.13529
395 443.0279502 4806.129297
396 442.9950335 4806.057383
397 443.8270161 4805.457326
398 443.8479176 4805.487473
399 443.8247335 4805.52365
400 445.366911 4806.337201
401 445.1710148 4806.583574
402 445.2901192 4806.443444
403 445.449157 4806.324429
404 445.5254061 4806.260841
405 408.2610884 4794.504605
406 408.0558395 4794.565035
407 407.9683093 4794.338629
408 408.1633216 4794.174923
409 408.3547238 4794.193548
410 408.5103702 4794.436366
412 408.9296521 4794.418389
413 408.9518151 4794.328897
414 409.2365505 4794.168795
415 409.3569996 4793.917596
416 409.1760331 4793.7032
417 409.0217964 4793.679611
418 409.2965491 4793.814217
419 409.4811504 4793.93071
420 409.3853156 4794.148143
421 409.2560392 4794.151872
422 410.1727913 4794.796777
423 410.0977054 4794.609946
424 410.1747112 4794.354119
425 410.1493307 4794.28781
426 410.0709234 4794.603081
427 410.0879329 4794.674388
428 431.587404 4794.929001
429 431.5899578 4794.756156
430 431.5307534 4794.700999
431 431.514097 4794.794574
432 431.4804778 4794.839007
433 432.5474486 4793.313363
434 432.5776437 4793.184226
435 432.3970818 4793.115387
436 432.4037852 4793.152971
437 433.0275948 4794.388937
438 433.4817628 4794.370136
439 433.5799727 4794.44192
440 433.2188912 4794.374054
441 432.8728062 4794.379584
442 433.0064649 4794.376817
443 433.3250023 4794.374675
444 433.5564498 4794.400723
445 433.4048313 4794.367115
446 433.3000841 4794.389692
447 443.6716916 4795.679041
448 443.6758428 4795.339489
449 443.6474418 4794.986768
450 443.7115091 4795.346856
451 443.7035078 4795.408784
452 444.6782002 4795.714726
453 444.5486231 4795.538975
454 444.6023106 4795.588291
455 444.7967199 4795.828153
456 444.828613 4795.880537
457 445.767579 4795.558093
458 445.6462782 4795.601935
459 445.6597244 4795.458335
460 445.6767 4795.40078
461 445.7072134 4795.413196
462 455.3669237 4796.084315
463 455.3245116 4795.752305
464 455.2997808 4795.457938
465 455.4609637 4795.30317
467 455.3456655 4796.057912
468 455.3141422 4795.766255
469 455.3244039 4795.477766
470 455.6114487 4795.433121
471 455.8153093 4795.652907
472 455.7253784 4795.976456
473 455.8254773 4796.328971
474 455.8548805 4796.386197
475 455.6836762 4795.576803
477 455.7830012 4796.132562
479 456.3823643 4796.121789
480 456.3255122 4795.919584
481 456.5572499 4795.66199
482 456.6068744 4795.369698
483 456.5894575 4795.334826
484 456.58922 4795.60148
485 456.3718013 4795.828994
486 456.3079107 4796.094949
487 456.3249281 4796.143372
488 457.2782087 4796.253681
489 457.3466977 4796.016804
490 457.1893311 4795.868423
491 457.298546 4795.633732
492 457.2343548 4795.370038
493 457.2505257 4795.387928
494 457.2320847 4795.588506
495 457.115958 4795.743168
496 457.3022072 4796.008644
497 457.3389211 4796.082489
498 415.7808072 4790.486794
499 415.8976166 4790.774909
500 416.035769 4790.965129
501 415.9033991 4790.87469
502 415.7318243 4790.608137
504 417.0992701 4789.054845
505 417.0623787 4789.311425
506 417.3608122 4789.363875
507 417.1091597 4789.432476
508 417.0118132 4789.219632
509 416.9807803 4788.985763
510 417.0969733 4789.072866
511 417.027624 4789.324178
512 417.3510266 4789.360329
513 417.2289246 4789.32061
514 417.1213599 4789.427662
515 417.0537228 4789.313974
516 417.0194177 4788.958411
517 417.3256128 4789.013542
518 417.568677 4788.971711
519 417.1258734 4788.946226
521 417.6594171 4788.982495
522 417.9655342 4789.226586
523 418.208602 4789.58963
524 418.258357 4789.642677
525 418.0382194 4789.403199
526 417.7932959 4789.156363
527 417.7190198 4789.009984
528 409.0162601 4774.810508
529 408.9533711 4774.561103
530 408.8104826 4774.335426
531 409.0638128 4774.477658
532 409.1999837 4774.749635
533 409.2440186 4774.860898
534 409.8866746 4774.661331
535 409.9429573 4774.376245
536 409.7916658 4774.14666
537 409.4964612 4773.982076
538 409.4262263 4773.711772
539 409.4141473 4773.831668
540 409.5952735 4774.069845
541 409.9525238 4774.164083
542 410.1624538 4774.101669
543 410.2494174 4774.143175
544 410.0447942 4774.410443
545 410.0284556 4774.479523
546 410.6284187 4773.594617
547 410.8507893 4773.398888
548 410.7834657 4773.154524
549 410.6957558 4773.000728
550 410.6373334 4772.740698
551 410.6994128 4772.950587
552 410.7453383 4773.139028
553 410.8345609 4773.414983
554 410.7437333 4773.532573
555 412.6745908 4786.460249
556 412.3670669 4786.604161
557 412.357024 4786.795224
558 412.2933718 4786.904008
559 412.2768363 4787.120369
560 412.3968761 4786.604221
561 412.3347854 4786.783848
562 412.2881141 4787.094343
563 412.3669383 4786.795651
564 412.5452729 4786.554103
565 412.7757334 4786.366871
566 412.870557 4786.274575
567 412.2880209 4787.087125
570 412.6219475 4786.484696
572 413.4231673 4786.920835
573 413.4178811 4786.983992
574 413.2130088 4786.840769
575 413.1983408 4786.836958
576 414.2216436 4784.954291
577 414.1669955 4785.310187
578 414.341491 4785.47126
579 414.1656177 4785.760599
580 414.2375247 4785.723371
581 414.4287959 4785.463052
582 414.5390899 4785.196425
583 414.5708629 4784.880473
584 414.4744022 4784.742736
585 420.1416206 4781.534879
586 420.4767423 4781.702554
587 420.5712449 4781.8886
588 420.7540019 4781.718645
589 420.4324611 4781.696852
590 420.3692485 4781.587523
591 421.2557539 4781.363399
592 421.4660383 4781.589768
593 421.3601885 4781.946075
594 421.4961793 4782.243609
595 421.3137694 4782.029357
596 421.146046 4781.792947
597 421.1216824 4781.47913
598 421.0448674 4781.352515
599 421.4121104 4782.21237
601 421.8716218 4782.899473
602 421.8067602 4782.990072
603 421.8946962 4783.047706
604 421.8867805 4782.811333
605 422.0647175 4782.667014
606 422.1721944 4782.386893
607 422.3125181 4782.149825
608 422.2279318 4782.392919
609 422.4569991 4782.554573
610 422.5241622 4782.693419
611 421.880615 4782.918362
612 422.0003039 4782.712069
613 422.1644264 4782.581572
614 422.3449958 4782.2041
615 422.2475642 4782.375701
616 422.496554 4782.68818
617 422.1603194 4782.698462
618 421.9475967 4782.955689
619 421.9223579 4783.050609
620 431.8802239 4782.372256
621 431.7813504 4782.439552
622 432.0373601 4782.353136
623 432.1381576 4782.30726
624 432.0892507 4782.316855
625 433.2085164 4783.178398
626 433.223217 4783.202577
627 433.3195856 4783.3519
628 433.4590425 4783.28012
629 433.6612623 4783.386542
630 433.5839182 4783.370637
631 433.9507159 4783.407047
632 433.9971385 4783.610842
633 433.9761134 4783.713114
634 434.1246707 4783.423463
635 434.1120161 4783.324961
636 443.8235542 4781.85265
637 443.8482905 4782.053354
638 443.9337815 4781.876063
639 444.0266175 4781.583433
640 444.0249181 4781.564567
641 445.3138311 4782.775074
642 445.0788181 4782.671461
643 445.0151319 4782.472734
644 445.1583425 4782.799316
645 444.9889256 4782.548023
646 444.9219668 4782.256699
647 445.0514781 4781.932468
648 445.1000408 4781.9283
649 445.8766421 4782.136977
650 446.0348488 4782.30975
651 445.7610666 4782.521608
652 445.4846528 4782.676748
653 445.6124613 4782.686053
654 445.4806636 4781.986433
655 445.6213401 4781.956986
656 445.8258759 4781.976567
658 413.5115225 4769.983906
659 413.140916 4769.901976
660 412.8925102 4770.011211
661 412.7570922 4769.799576
662 413.086278 4770.003966
663 413.1494359 4769.816456
664 413.3589461 4769.971401
665 413.39287 4770.026949
666 413.7577408 4769.346034
667 413.8248398 4769.688278
668 413.6715759 4769.866591
669 413.8581664 4769.561128
670 413.8071685 4769.230009
671 413.8416945 4769.623756
672 413.6566847 4769.751379
673 413.6423736 4769.958925
674 413.9762217 4769.657269
675 413.7289241 4769.772124
676 413.8334887 4769.631635
677 413.7907339 4769.302078
678 413.8074533 4768.975103
679 413.8686386 4768.951673
680 414.3966225 4769.028115
681 414.4291769 4769.254176
682 414.3689097 4769.604019
683 414.2463374 4769.841578
684 414.2093688 4769.834823
685 414.088438 4769.742601
686 414.0595081 4768.834646
689 420.5465843 4769.729604
690 420.7539662 4769.456526
691 420.7634265 4769.69643
692 420.5928211 4769.812809
693 420.5929089 4770.009395
694 420.6199109 4770.273085
695 420.7614875 4770.476468
696 420.8911064 4770.238728
697 420.7770964 4769.969382
698 420.5492307 4769.740124
699 420.7212344 4769.428473
700 420.7611324 4769.709229
701 420.569539 4770.058092
702 420.6207083 4770.25064
703 420.897217 4770.442907
704 420.5646865 4769.794922
706 422.0670761 4771.318977
707 421.8762431 4771.415787
708 421.9459996 4771.2234
709 422.1500813 4771.217071
710 422.1715847 4771.246814
711 422.4892907 4771.167896
712 422.4104092 4770.89546
713 422.3015455 4770.66435
714 422.2153629 4770.338132
715 422.3023604 4770.042041
716 422.2478762 4770.183492
717 422.2521338 4770.40724
718 422.2489957 4770.710707
719 422.4495098 4770.96943
720 422.5000244 4771.138231
721 432.4448769 4769.755021
722 432.5784268 4770.013696
723 432.2756367 4770.151077
724 432.5812087 4770.015112
725 432.7088146 4769.828603
727 433.5788085 4770.214797
728 433.6863108 4770.319815
729 433.7014176 4770.265915
730 433.5582577 4770.18601
731 434.6647822 4770.085816
732 434.8953512 4770.215665
733 434.844778 4770.298999
734 434.865017 4770.150651
735 434.6415388 4769.936884
736 434.550942 4769.929867
737 444.565237 4771.081518
738 444.5135579 4770.761869
739 444.5279354 4770.467671
740 444.5347843 4770.428967
741 445.4250063 4770.155032
742 445.5720125 4770.408847
743 445.7661068 4770.658736
744 445.5468694 4770.757102
745 445.6737525 4770.806178
746 445.4253322 4770.664229
747 445.3018252 4770.711972
748 446.4743994 4771.162011
749 446.2642221 4770.890572
750 446.1635823 4770.5663
751 446.1298824 4770.504374
752 433.0795061 4758.820107
753 432.8336155 4758.89981
754 432.9844002 4759.117676
755 433.1662505 4759.269606
756 433.3003093 4758.759537
757 433.1809019 4758.756924
758 432.8944961 4758.771606
759 432.9269183 4758.993186
760 433.0092426 4759.131538
761 433.0545067 4759.232603
762 433.292886 4759.328788
764 433.9563715 4758.119924
765 433.9162459 4758.128196
766 433.9198855 4758.125051
767 434.0755365 4758.240386
768 434.0005266 4758.470778
769 434.2030897 4758.682841
770 434.1020707 4758.70147
771 434.6036777 4759.165111
772 434.7570963 4759.315132
773 434.9689295 4759.435172
774 435.023909 4759.386117
775 434.8409778 4759.167181
776 434.8122172 4759.161013
777 435.0981533 4822.298149
778 435.1438247 4821.991488
779 435.1820389 4821.824182
780 435.1226825 4822.495839
