#V1 V2 V3
5729 402.8899559 4833.633094
5730 402.979001 4833.593701
5731 403.0067001 4833.579191
5732 403.0018972 4833.514943
5734 402.9779354 4833.45897
5735 402.9657326 4833.36839
5736 402.9521491 4833.327263
5737 402.9363494 4833.277948
5739 402.9086876 4833.222806
5740 402.889726 4833.166872
5741 402.8739757 4833.104337
5743 402.8720458 4833.043601
5744 402.8574227 4832.980939
5745 402.8327561 4832.926643
5746 402.8516381 4832.865828
5747 402.8762853 4832.824257
5748 402.8904682 4832.800946
5749 402.9323067 4832.771013
5750 402.9620433 4832.757696
5751 403.0364081 4832.762172
5752 403.0860319 4832.774007
5753 403.1032556 4832.765648
5754 403.147452 4832.709022
5755 403.1837771 4832.649177
5756 403.2082651 4832.59639
5758 403.2081288 4832.53674
5759 403.1914738 4832.472884
5760 403.1809064 4832.439489
5761 403.1299662 4832.470664
5762 403.0825405 4832.493789
5763 403.0646226 4832.498825
5764 404.0299639 4833.166646
5765 404.0359116 4833.232657
5766 404.0451732 4833.310394
5768 404.0456308 4833.381704
5769 404.0375821 4833.433585
5770 404.0496752 4833.506284
5771 404.0436073 4833.550027
5772 404.0330955 4833.604498
5774 404.0321584 4833.674162
5775 404.0288688 4833.73164
5776 404.0278622 4833.768313
5777 404.0258264 4833.823218
5782 404.0489231 4833.380657
5786 404.047239 4833.381348
5787 404.0382672 4833.323824
5788 404.0316022 4833.264044
5789 404.0214173 4833.2232
5790 404.0080024 4833.176515
5791 404.0134783 4833.1871
5792 404.0179866 4833.248355
5793 404.0313674 4833.320812
5794 404.0546523 4833.363913
5796 405.2322225 4831.832394
5797 405.2251082 4831.882704
5798 405.2020727 4831.953902
5799 405.1935105 4831.99879
5800 405.2085785 4832.060117
5801 405.2312772 4832.107673
5802 405.2587903 4832.170491
5804 405.2993859 4832.234234
5805 405.3199021 4832.253051
5806 405.3489411 4832.275523
5807 405.3200697 4832.253493
5808 405.3899985 4832.326375
5810 405.4359266 4832.402263
5811 405.4370285 4832.406024
5812 405.4285694 4832.509674
5814 405.4131174 4832.540885
5816 405.4219439 4832.651733
5817 405.422936 4832.64772
5818 405.4078357 4832.521076
5821 405.4006269 4832.650368
5823 405.4487018 4832.769882
5826 405.5620591 4832.828045
5829 405.6531623 4832.915739
5830 405.6859141 4832.967265
5831 405.6906882 4832.97975
5832 405.6818501 4833.039527
5833 405.6552212 4833.079004
5834 405.6169742 4833.141195
5835 405.5849761 4833.165973
5836 405.5833633 4833.211763
5837 405.5769664 4833.272949
5839 423.0144485 4834.161795
5840 422.9790386 4834.196303
5841 422.9391619 4834.263074
5842 422.899889 4834.263193
5843 422.8714571 4834.301287
5844 422.8614049 4834.345723
5845 422.8036892 4834.354941
5846 422.7504074 4834.370996
5847 422.7165288 4834.377274
5848 422.7103556 4834.36646
5849 422.6649477 4834.372983
5850 422.6391735 4834.4176
5851 422.6201633 4834.447366
5852 422.6345827 4834.452976
5853 422.6135469 4834.460994
5854 422.6472229 4834.423283
5855 422.6766267 4834.371737
5856 422.7302544 4834.378671
5857 422.7927629 4834.365508
5859 422.8390516 4834.372417
5860 422.8673256 4834.334658
5861 422.8976376 4834.27777
5862 422.9560532 4834.245219
5863 422.9760041 4834.184897
5865 423.2332844 4832.984093
5866 423.2376917 4832.988596
5867 423.2423384 4833.035084
5868 423.2919379 4833.069727
5869 423.3412337 4833.084935
5870 423.3725218 4833.09835
5871 423.3910345 4833.137237
5872 423.4253894 4833.179053
5873 423.4850202 4833.21647
5874 423.5328204 4833.220922
5875 423.5818987 4833.231358
5876 423.6164577 4833.220523
5877 423.6693647 4833.220141
5878 423.7175893 4833.198154
5879 423.7730505 4833.223736
5880 423.8302009 4833.241857
5881 423.8713255 4833.233836
5882 423.9129552 4833.213481
5883 423.9354129 4833.209449
5884 423.9989753 4833.19562
5885 424.0319513 4833.215795
5886 424.0986034 4833.232588
5887 424.137853 4833.251249
5888 424.1713452 4833.25298
5889 424.2301985 4833.243538
5890 424.2802347 4833.246082
5891 424.325461 4833.21558
5892 424.3420084 4833.195288
5893 424.3860421 4833.187682
5894 424.4566783 4833.221651
5895 424.5000498 4833.241155
5896 424.5326586 4833.278998
5897 424.5771262 4833.309931
5898 424.6167635 4833.341696
5899 424.6398249 4833.362652
5900 424.5842094 4833.322958
5901 424.5395879 4833.278364
5903 424.4691459 4833.218622
5904 424.412919 4833.189267
5906 424.3500496 4833.185978
5907 424.3090731 4833.22143
5908 424.2386099 4833.238444
5910 424.1601329 4833.245776
5911 424.0968179 4833.217391
5913 424.0245972 4833.193219
5914 423.9497261 4833.184294
5915 423.8948598 4833.203912
5917 423.8335524 4833.2316
5918 423.7702826 4833.207328
5919 423.7214967 4833.194222
5921 423.6469786 4833.216287
5922 423.5686746 4833.224623
5923 423.56747 4833.225081
5924 423.4893269 4833.2122
5925 423.4191668 4833.163907
5927 423.3813855 4833.097582
5929 423.3249175 4833.061796
5930 423.2507268 4833.042097
5931 423.1849791 4833.055291
5932 423.1912594 4833.033226
5934 423.7886655 4834.488605
5935 423.8437248 4834.501085
5936 423.9070257 4834.500809
5937 423.9601588 4834.471548
5939 424.0105964 4834.460533
5940 424.0711523 4834.445739
5941 424.1111434 4834.430846
5942 424.1860538 4834.401783
5943 424.206236 4834.396556
5944 424.2393445 4834.343531
5945 424.2508068 4834.301748
5946 424.2941017 4834.315031
5947 424.3540958 4834.314575
5948 424.3737689 4834.349897
5949 424.4278509 4834.40438
5951 424.5014405 4834.45109
5952 424.5461842 4834.500014
5954 424.5900876 4834.53884
5955 424.6424142 4834.559466
5956 424.700022 4834.576478
5957 424.7404109 4834.596906
5958 424.7442491 4834.615524
5959 424.6880612 4834.574169
5960 424.6507517 4834.56226
5961 424.5828657 4834.527702
5963 424.5244756 4834.477155
5964 424.4733011 4834.43008
5966 424.4175159 4834.381837
5967 424.379048 4834.346061
5968 424.3365282 4834.301445
5969 424.2615036 4834.292074
5971 424.2221103 4834.345615
5972 424.1767193 4834.403555
5974 424.1108222 4834.423852
5975 424.0903642 4834.433192
5976 424.0109831 4834.451976
5977 423.9375883 4834.479468
5979 423.8668029 4834.495269
5980 423.8040282 4834.485098
5982 421.120455 4830.18286
5983 421.1031516 4830.173067
5984 421.1074094 4830.123476
5985 421.1090861 4830.08769
5986 421.1205451 4830.046568
5987 421.1098628 4830.037141
5988 421.0935221 4830.026892
5989 421.0554296 4829.971803
5990 421.0478567 4829.931793
5991 421.0111352 4829.897237
5992 420.9817807 4829.864704
5993 420.9576445 4829.829889
5994 420.9526672 4829.804733
5995 420.9613884 4829.791523
5996 420.9505033 4829.792318
5997 420.9463157 4829.765709
5998 420.9381689 4829.718153
5999 420.9574537 4829.786349
6000 420.9507286 4829.811421
6001 420.9264056 4829.836033
6002 420.964459 4829.832918
6003 420.9827275 4829.856029
6004 421.0154653 4829.90174
6005 421.0421969 4829.951409
6006 421.0493986 4829.987313
6007 421.0889803 4830.072931
6008 421.0990519 4830.099027
6009 421.0966203 4830.132379
6010 421.0995697 4830.163556
6011 421.1027068 4829.429304
6012 421.0203558 4829.433384
6013 420.9805444 4829.438185
6014 420.955931 4829.44514
6015 420.8936158 4829.437322
6016 420.8452871 4829.465773
6017 420.8234017 4829.485026
6018 420.7821586 4829.471073
6019 420.7388281 4829.485359
6020 420.6972518 4829.484185
6021 420.6605043 4829.475067
6022 420.5881073 4829.49503
6023 420.542025 4829.501796
6024 420.5125229 4829.511587
6025 420.4646383 4829.536481
6026 420.4341452 4829.591937
6027 420.3973934 4829.602815
6028 420.3623312 4829.599677
6029 420.3106937 4829.621062
6030 420.2617763 4829.640416
6031 420.2400534 4829.625679
6032 420.1872908 4829.640636
6033 420.1512513 4829.657061
6034 420.11197 4829.699405
6035 420.0614809 4829.722222
6036 420.0192463 4829.740165
6037 419.9896756 4829.744073
6038 419.933271 4829.778292
6039 419.8912219 4829.791457
6040 419.8540071 4829.790458
6041 419.8193036 4829.803758
6042 419.8884533 4829.78938
6043 419.9549042 4829.758484
6044 419.9790629 4829.740645
6045 420.0376789 4829.729393
6046 420.0750433 4829.71584
6047 420.1065333 4829.696915
6048 420.1406531 4829.668406
6049 420.1889046 4829.640617
6050 420.2511676 4829.62377
6051 420.3012106 4829.617621
6052 420.3467088 4829.602529
6053 420.3913846 4829.579338
6054 420.4028615 4829.573981
6055 420.4356375 4829.554487
6056 420.4789335 4829.516984
6057 420.5355311 4829.505427
6058 420.5996516 4829.495337
6059 420.6528385 4829.475158
6060 420.6811905 4829.477266
6061 420.745723 4829.481501
6062 420.7847847 4829.467932
6063 420.8196577 4829.448192
6064 420.860436 4829.415943
6065 420.8986509 4829.433153
6066 420.9762062 4829.433015
6067 420.9743502 4829.433037
6068 421.0366165 4829.42986
6069 421.0998851 4829.429559
6070 420.9447576 4829.017849
6071 420.9017103 4829.04957
6072 420.871591 4829.055146
6073 420.8278037 4829.058329
6074 420.7796606 4829.041236
6075 420.742246 4829.010022
6076 420.714666 4828.991465
6077 420.6739367 4828.946183
6078 420.6409388 4828.926802
6079 420.5954582 4828.916566
6080 420.5517906 4828.895868
6081 420.5414327 4828.859558
6082 420.5023779 4828.83314
6083 420.4468405 4828.825691
6084 420.4148273 4828.800967
6085 420.3726304 4828.788695
6086 420.3159322 4828.785481
6087 420.2685659 4828.793264
6088 420.3306925 4828.784639
6089 420.3593768 4828.794073
6090 420.3982662 4828.806496
6091 420.4590524 4828.834543
6093 420.5171325 4828.83863
6094 420.5734189 4828.902499
6095 420.5715642 4828.902632
6096 420.6020677 4828.915822
6097 420.6650419 4828.937958
6098 420.7092198 4828.988197
6099 420.7592728 4829.030258
6100 420.8144269 4829.053266
6102 420.8694824 4829.054282
6103 420.9254134 4829.033739
6105 431.4885907 4830.140465
6106 431.4898062 4830.196211
6107 431.4976366 4830.243893
6108 431.5021009 4830.29383
6109 431.5286114 4830.345541
6110 431.5805003 4830.409322
6111 431.5740031 4830.452595
6112 431.5815769 4830.498946
6113 431.5760481 4830.534324
6114 431.5681044 4830.586054
6115 431.5385545 4830.607904
6116 431.4650745 4830.57089
6117 431.4369292 4830.540744
6118 431.4097483 4830.494483
6119 431.4014155 4830.468689
6120 431.4030686 4830.433128
6121 431.4242522 4830.468899
6122 431.4706723 4830.439767
6123 431.4998307 4830.411146
6124 431.5222885 4830.374262
6125 431.5239015 4830.326818
6126 431.4966976 4830.294107
6127 431.4562036 4830.279526
6128 431.3876369 4830.273564
6129 431.332872 4830.252244
6131 431.2579035 4830.235796
6132 431.2104654 4830.18941
6133 431.1708981 4830.163048
6134 431.1421583 4830.146016
6139 431.5010148 4830.408579
6145 431.4563604 4830.279081
6149 431.1432811 4830.145338
6153 431.1420765 4830.145906
6154 431.0738281 4830.131835
6155 431.0135188 4830.073809
6156 430.9600563 4830.061697
6158 430.9008573 4830.08019
6159 430.8580307 4830.074412
6160 430.7876426 4830.064254
6161 430.7988706 4830.081021
6162 430.8175182 4830.073942
6163 430.9072851 4830.085345
6165 430.9776414 4830.068958
6166 431.0250742 4830.083242
6167 431.0629679 4830.135057
6168 431.1229912 4830.149656
6169 431.1485167 4830.152282
6170 431.1919897 4830.173939
6171 431.2381892 4830.21756
6172 431.2834297 4830.238533
6173 431.3432176 4830.261801
6174 431.3971732 4830.275021
6178 431.1432811 4830.145338
6184 430.7756379 4830.08948
6192 431.1485859 4830.15117
6198 431.3991777 4830.273779
6201 431.3974959 4830.275018
6202 431.4606377 4830.271262
6203 431.4388411 4830.207174
6205 431.4406445 4830.146843
6206 431.4230714 4830.101261
6207 431.4652506 4830.130597
6208 431.5453732 4830.145994
6209 431.6029276 4830.187614
6211 431.6195015 4830.277747
6213 431.6711391 4830.332756
6216 431.3991777 4830.273779
6222 431.6715335 4830.331864
6225 431.6531674 4830.271627
6226 431.6487456 4830.241572
6227 431.652491 4830.205324
6228 431.6718131 4830.161475
6229 431.6336626 4830.123545
6230 431.6138083 4830.099422
6231 431.5815707 4830.126964
6232 431.5275857 4830.126738
6233 431.4694428 4830.114448
6234 431.4432787 4830.08095
6235 431.3910933 4830.075264
6236 431.3621285 4830.036241
6237 431.3312952 4830.003901
6238 431.2991446 4829.976907
6239 431.2569744 4829.964344
6240 431.2893351 4829.925248
6241 431.2871584 4829.901834
6242 431.3201688 4829.878836
6243 431.3636051 4829.873171
6244 431.3995059 4829.848701
6245 431.4037525 4829.806338
6246 431.4259051 4829.771013
6247 431.4608316 4829.730114
6248 431.4784799 4829.680395
6249 431.5152585 4829.639033
6250 431.5327172 4829.618084
6251 431.5699377 4829.564612
6252 431.593446 4829.511723
6253 431.6086651 4829.453144
6254 431.632036 4829.418362
6255 431.6152225 4829.423532
6256 431.5960389 4829.489038
6257 431.5950156 4829.507375
6258 431.5666634 4829.567977
6259 431.5481201 4829.601266
6260 431.5005388 4829.651624
6261 431.4651388 4829.70941
6263 431.445203 4829.795807
6264 431.4353023 4829.845557
6265 431.4258734 4829.886195
6266 431.4148274 4829.926517
6267 431.3879754 4829.975664
6268 431.4251225 4830.049369
6270 431.4422752 4830.116947
6272 432.6123805 4830.237031
6273 432.6080528 4830.272062
6274 432.6803387 4830.246789
6275 432.6085209 4830.2464
6276 432.621208 4830.248272
6277 432.6127189 4830.270682
6278 432.554937 4830.253826
6279 432.5444121 4830.274369
6280 432.5139722 4830.31244
6281 432.5116449 4830.305688
6282 432.5240056 4830.259135
6283 432.54933 4830.233889
6284 432.6245805 4830.262677
6286 432.5229149 4830.279028
6288 432.5518278 4830.233531
6290 442.0859085 4829.155268
6291 442.148624 4829.194044
6292 442.2190173 4829.121909
6294 442.2278162 4829.140937
6295 442.2615488 4829.122209
6296 442.3048548 4829.090625
6297 442.3069274 4829.12515
6298 442.3393479 4829.150861
6299 442.3750641 4829.1751
6300 442.3016823 4829.125195
6301 442.2731004 4829.123553
6302 442.2319523 4829.124574
6303 442.1840846 4829.160529
6304 442.1281839 4829.182003
6305 442.0868134 4829.166589
6306 442.098652 4829.19181
6307 442.0884748 4829.218777
6308 442.0920922 4829.25451
6309 442.0762897 4829.284191
6310 442.0525173 4829.278732
6311 442.0453973 4829.220593
6312 442.0379669 4829.182561
6313 442.0907185 4829.151561
6314 442.0884715 4829.153024
6315 442.2278162 4829.140937
6318 442.3140421 4829.098543
6321 442.1000161 4829.19091
6324 442.0898102 4829.205215
6325 442.0629678 4829.302077
6327 442.0893467 4829.151573
6329 443.235462 4829.268497
6330 443.2160189 4829.307202
6331 443.1952034 4829.345809
6332 443.1611555 4829.375086
6333 443.1820732 4829.405675
6334 443.2237562 4829.43942
6335 443.2720556 4829.482661
6336 443.2961856 4829.492453
6337 443.3548159 4829.526499
6338 443.3834905 4829.539363
6339 443.4401059 4829.535553
6340 443.4484396 4829.519044
6341 443.5056307 4829.545218
6342 443.5591657 4829.549321
6343 443.5199349 4829.557315
6344 443.4905048 4829.579222
6345 443.4402414 4829.608968
6346 443.3919328 4829.65036
6347 443.3779288 4829.673803
6348 443.407923 4829.642339
6349 443.4618431 4829.625224
6350 443.4853002 4829.593594
6351 443.51615 4829.558236
6352 443.5520716 4829.550158
6353 443.4914014 4829.542006
6354 443.4242225 4829.527579
6355 443.3625415 4829.533542
6356 443.3413858 4829.51284
6357 443.2770583 4829.482618
6358 443.2495795 4829.468079
6359 443.2279707 4829.432053
6360 443.1783329 4829.392823
6361 443.1479311 4829.414295
6362 443.1330405 4829.428305
6363 443.0979651 4829.393505
6364 443.0342586 4829.33218
6366 442.978474 4829.291559
6367 443.0323118 4829.226571
6369 443.0991242 4829.178355
6370 443.1859537 4829.206607
6371 443.1791623 4829.20511
6372 443.2409044 4829.244127
6374 444.822282 4829.178164
6375 444.7625918 4829.142225
6376 444.7369329 4829.162207
6377 444.6950118 4829.177102
6378 444.6515962 4829.186901
6379 444.6198236 4829.218929
6380 444.567511 4829.216474
6381 444.5390855 4829.233592
6382 444.5037069 4829.288086
6383 444.4892216 4829.312419
6384 444.4735992 4829.394294
6385 444.4757556 4829.420822
6386 444.5100174 4829.445973
6387 444.5240565 4829.48473
6388 444.5412595 4829.515798
6389 444.5449703 4829.564415
6390 444.535471 4829.606145
6391 444.5393707 4829.658092
6392 444.5201389 4829.703567
6393 444.52186 4829.745759
6394 444.5417995 4829.785801
6395 444.5279326 4829.748263
6396 444.5441854 4829.703591
6397 444.5657501 4829.666982
6398 444.5454454 4829.621834
6399 444.5394482 4829.589451
6400 444.512411 4829.540139
6401 444.5143317 4829.528461
6402 444.5003039 4829.461825
6403 444.4973158 4829.432305
6404 444.5060785 4829.379586
6405 444.4771211 4829.361611
6406 444.5004593 4829.295443
6407 444.5402729 4829.230805
6408 444.5639215 4829.24105
6409 444.6139918 4829.226086
6410 444.6524307 4829.219549
6411 444.6740848 4829.203265
6412 444.7251634 4829.183295
6413 444.797803 4829.165037
6414 444.7995387 4829.170021
6416 444.6370009 4829.198018
6419 444.4906639 4829.311185
6422 444.5229276 4829.436092
6426 444.5473904 4829.68135
6429 444.5457927 4829.7028
6430 444.5133765 4829.539798
6434 444.5014863 4829.370739
6438 444.6630344 4829.203912
6442 444.8012268 4829.169229
6444 407.1268948 4826.181961
6445 407.1350259 4826.180182
6446 407.1703971 4826.157032
6447 407.2211703 4826.143999
6448 407.285362 4826.126116
6449 407.2940563 4826.089117
6450 407.3174367 4826.063023
6451 407.3082022 4826.107694
6452 407.2931128 4826.172775
6453 407.2755112 4826.202121
6454 407.2594032 4826.251886
6455 407.2411273 4826.296683
6456 407.203189 4826.285988
6457 407.1770035 4826.231809
6458 407.1167191 4826.205207
6460 408.2817061 4825.101469
6461 408.2364117 4825.061099
6462 408.1587371 4825.09793
6464 408.1766394 4825.036923
6465 408.1960186 4825.007111
6466 408.1554623 4824.982561
6467 408.140241 4825.062415
6469 408.1556784 4825.128186
6470 408.1125581 4825.181762
6471 408.0611928 4825.175801
6473 408.0086473 4825.119092
6474 407.9879437 4825.164141
6475 408.0202817 4825.184248
6476 408.0762232 4825.211807
6477 408.1152536 4825.225269
6478 408.1644805 4825.198935
6479 408.1978285 4825.204366
6480 408.2689048 4825.204839
6482 416.9780881 4826.324517
6483 416.9609042 4826.293072
6484 416.91957 4826.254485
6485 416.8794283 4826.233989
6486 416.8437151 4826.205995
6487 416.7924172 4826.190969
6488 416.7411082 4826.162059
6489 416.7462853 4826.169326
6490 416.698126 4826.127492
6491 416.7002201 4826.075038
6492 416.6732896 4826.039161
6493 416.6579371 4826.005806
6494 416.6244879 4825.97823
6495 416.5798715 4825.955236
6496 416.5691486 4825.930599
6497 416.5577179 4825.926964
6498 416.436536 4825.980568
6500 416.5057031 4825.925945
6501 416.5141332 4825.909068
6502 416.5398745 4825.875202
6503 416.5260818 4825.837496
6504 416.511772 4825.790688
6505 416.5366107 4825.723177
6506 416.5318462 4825.703687
6507 416.541909 4825.649245
6508 416.5762415 4825.591835
6509 416.5953789 4825.572269
6510 416.5989294 4825.565561
6511 416.594067 4825.564177
6514 416.4965025 4825.28392
6517 416.5334493 4825.345664
6519 416.5254841 4825.412965
6520 416.5273704 4825.486697
6522 416.565994 4825.540533
6523 416.5862228 4825.576271
6524 416.5510786 4825.633358
6525 416.5290334 4825.698279
6526 416.5143682 4825.759221
6528 416.5289262 4825.832462
6529 416.5330621 4825.859847
6530 416.5281136 4825.903451
6531 416.486434 4825.954288
6532 416.4632641 4825.974126
6533 416.5385786 4825.978743
6534 416.6082236 4825.994983
6535 416.6513056 4826.043988
6537 416.6921927 4826.098352
6538 416.7304217 4826.166302
6540 416.8008831 4826.189976
6541 416.8613979 4826.218994
6542 416.8894955 4826.238418
6543 416.9224818 4826.254893
6544 416.970555 4826.316057
6546 415.444369 4826.069088
6547 415.4330858 4826.013135
6548 415.38412 4825.978541
6549 415.3675217 4825.99419
6550 415.3497953 4826.067614
6551 415.3404202 4826.098946
6552 415.2889892 4826.137695
6553 415.2722905 4826.145348
6554 415.2090544 4826.138038
6555 415.1597486 4826.127665
6556 415.1095334 4826.115637
6557 415.0709592 4826.104684
6558 415.0243422 4826.147262
6559 414.9934278 4826.154541
6560 414.9863717 4826.20306
6561 415.0222387 4826.280805
6562 415.0025403 4826.312934
6563 414.9834865 4826.344944
6564 415.0041601 4826.370674
6565 415.0007364 4826.444585
6566 415.0015861 4826.428801
6567 414.9957057 4826.391664
6568 414.9730548 4826.350075
6569 415.021549 4826.296476
6570 415.0038413 4826.269042
6571 414.9575013 4826.193207
6573 414.8779454 4826.19155
6574 414.8325769 4826.179685
6575 414.798291 4826.150351
6576 414.7766104 4826.096309
6577 414.7574355 4826.061563
6578 414.7033817 4826.058918
6579 414.7655024 4826.080011
6581 414.7977653 4826.153468
6582 414.8548603 4826.185845
6584 414.9188503 4826.188921
6585 414.9707857 4826.171045
6586 415.0264129 4826.13224
6587 415.0889139 4826.113343
6589 415.1652321 4826.120708
6590 415.2407476 4826.147635
6592 415.3009856 4826.128546
6593 415.3455026 4826.085774
6595 415.3611982 4825.998602
6597 416.5813348 4825.553339
6598 416.5284648 4825.483795
6599 416.5169019 4825.456614
6600 416.521846 4825.419119
6601 416.5369746 4825.36939
6602 416.5249938 4825.328107
6603 416.4806222 4825.286228
6604 416.4468966 4825.301643
6605 416.4132642 4825.318057
6606 416.3432886 4825.262946
6607 416.3292408 4825.302109
6608 416.3103797 4825.266133
6609 416.2631494 4825.254171
6610 416.2284089 4825.246496
6611 416.1704043 4825.238334
6612 416.1279046 4825.210762
6613 416.0946833 4825.182519
6614 416.0462464 4825.164575
6615 416.0023865 4825.163902
6616 415.9596168 4825.147109
6617 415.9004903 4825.120414
6618 415.8578592 4825.088958
6619 415.8456818 4825.077447
6620 415.8644874 4825.095872
6621 415.9201658 4825.124499
6622 415.9473519 4825.141487
6623 415.9869196 4825.160541
6624 416.0374188 4825.162575
6625 416.0916717 4825.193554
6626 416.1451138 4825.224321
6627 416.1748186 4825.242611
6628 416.1338484 4825.227572
6629 416.0894437 4825.209132
6630 416.1244585 4825.225801
6631 416.1831644 4825.244839
6632 416.2124243 4825.246917
6633 416.241154 4825.245337
6634 416.2941626 4825.267335
6635 416.3256765 4825.307708
6636 416.4020447 4825.305534
6637 416.4400895 4825.312725
6639 426.5138249 4822.239078
6640 426.5505357 4822.19036
6641 426.5833008 4822.157568
6642 426.6010125 4822.129717
6643 426.6174116 4822.070447
6644 426.6178397 4822.035677
6645 426.59502 4821.97317
6646 426.5494408 4821.957229
6647 426.5415091 4821.904223
6648 426.541313 4821.864128
6649 426.5750551 4821.846654
6650 426.6145011 4821.804015
6651 426.6497102 4821.772863
6652 426.669865 4821.746652
6653 426.7198166 4821.748551
6654 426.7231256 4821.733409
6655 426.7480303 4821.683377
6656 426.7475023 4821.634955
6657 426.7066182 4821.605189
6658 426.7052829 4821.549445
6659 426.6780628 4821.513199
6660 426.668218 4821.499533
6661 426.6313279 4821.458284
6662 426.5954499 4821.428353
6663 426.5648885 4821.389589
6664 426.551103 4821.348087
6665 426.5356664 4821.303383
6666 426.5134437 4821.266194
6667 426.4924065 4821.219218
6668 426.4485242 4821.211146
6669 426.4439559 4821.177652
6670 426.5100349 4821.161379
6671 426.5498763 4821.14717
6672 426.5649505 4821.077363
6673 426.5835334 4821.032841
6674 426.605647 4821.000833
6675 426.6292923 4820.968475
6676 426.6551544 4820.939314
6677 426.6779336 4820.916406
6678 426.7078921 4820.877537
6679 426.6809755 4820.906376
6680 426.6384619 4820.949826
6681 426.594521 4821.010507
6683 426.5406792 4821.08196
6684 426.5258124 4821.148544
6686 426.457654 4821.17417
6687 426.436377 4821.216055
6688 426.4875105 4821.229602
6689 426.5090191 4821.260578
6690 426.5204602 4821.294552
6691 426.5599735 4821.339105
6692 426.5844108 4821.394152
6693 426.5820239 4821.419725
6694 426.6101289 4821.477731
6695 426.6577939 4821.499425
6696 426.695325 4821.540223
6697 426.7038602 4821.552348
6698 426.7244901 4821.60666
6699 426.7613454 4821.630028
6700 426.7589214 4821.674483
6701 426.7232281 4821.735407
6702 426.6852763 4821.781805
6703 426.6847133 4821.782034
6704 426.656795 4821.829767
6705 426.6299187 4821.876711
6706 426.6371581 4821.881186
6707 426.6069813 4821.914393
6708 426.5968681 4821.987034
6709 426.6006671 4822.001987
6710 426.5987306 4822.068763
6711 426.5383788 4822.098191
6713 426.4963976 4822.174735
6714 426.4894904 4822.230125
6716 427.7826951 4822.901193
6717 427.8054671 4822.847855
6718 427.8093007 4822.813715
6719 427.8209808 4822.773048
6720 427.8411935 4822.737065
6721 427.8500202 4822.686432
6722 427.8454116 4822.640942
6723 427.8503256 4822.587019
6724 427.8532983 4822.525342
6725 427.8560584 4822.488991
6726 427.8499397 4822.438297
6727 427.8277614 4822.404214
6728 427.7813409 4822.362061
6729 427.7722087 4822.34672
6730 427.7468079 4822.291013
6731 427.7005776 4822.251635
6732 427.6642681 4822.240807
6733 427.6219311 4822.202944
6734 427.6446487 4822.166933
6735 427.6728123 4822.133975
6736 427.6930884 4822.103767
6737 427.7019989 4822.045913
6738 427.6838163 4822.015453
6739 427.6304002 4821.976708
6740 427.5762971 4821.926754
6741 427.5569953 4821.904969
6742 427.5167215 4821.878857
6743 427.4748459 4821.876533
6744 427.4457725 4821.832751
6745 427.4032234 4821.790558
6746 427.4263049 4821.765762
6747 427.4748902 4821.783342
6748 427.5182282 4821.831302
6750 427.5744891 4821.871459
6751 427.6299437 4821.941837
6752 427.6588368 4821.946524
6753 427.7198068 4821.958974
6755 427.7118888 4822.011485
6756 427.7317122 4822.066808
6757 427.7189529 4822.149917
6758 427.7155519 4822.186718
6759 427.7499967 4822.219447
6760 427.8207079 4822.26656
6762 427.8748298 4822.303632
6763 427.8892065 4822.378562
6765 427.9366545 4822.411153
6766 427.9308082 4822.461087
6767 427.904964 4822.506904
6769 427.8950412 4822.583429
6770 427.9227734 4822.660882
6772 427.9205626 4822.71833
6773 427.8958131 4822.78324
6775 427.8494791 4822.846605
6776 427.8044467 4822.910733
6778 428.718283 4821.576213
6780 428.699314 4821.418026
6783 428.699195 4821.239312
6786 428.7065375 4821.116499
6789 428.5489004 4820.972669
6794 428.5031828 4820.754011
6797 428.5002182 4820.634862
6798 428.5038014 4820.622273
6799 428.4741484 4820.668128
6800 428.4876685 4820.716078
6801 428.5025017 4820.75835
6802 428.5155705 4820.817079
6803 428.5278663 4820.863931
6804 428.526297 4820.898714
6805 428.5239374 4820.93517
6806 428.5368715 4820.973686
6807 428.5711511 4821.036299
6808 428.6285024 4821.08023
6809 428.6615724 4821.112756
6810 428.6719602 4821.139858
6811 428.7064008 4821.172148
6812 428.7028543 4821.226278
6813 428.7004589 4821.2975
6814 428.6984851 4821.301853
6815 428.6753123 4821.379516
6816 428.6742383 4821.438174
6817 428.6902854 4821.480877
6819 428.705021 4821.575132
6820 428.7100522 4821.577189
6821 428.699522 4821.528984
6822 428.6853214 4821.469934
6823 428.6682523 4821.429907
6824 428.6975995 4821.363063
6825 428.7014762 4821.294379
6826 428.7075399 4821.256662
6827 428.706754 4821.235899
6828 428.7152745 4821.201266
6829 428.6882777 4821.15468
6830 428.644376 4821.091279
6831 428.6261517 4821.071924
6832 428.557418 4821.029003
6833 428.5383806 4820.971226
6834 428.532413 4820.92675
6836 428.5305042 4820.861238
6837 428.5142032 4820.832865
6838 428.5035153 4820.838422
6839 428.5120159 4820.771577
6840 428.5019659 4820.738362
6841 428.4873521 4820.701531
6842 428.4906556 4820.655068
6843 428.5169469 4820.59703
6844 428.5390183 4820.590465
6845 428.5363684 4820.630034
6846 428.5331477 4820.676719
6847 428.4989699 4820.707405
6848 428.4971535 4820.741746
6849 428.5124542 4820.81278
6850 428.5337207 4820.859759
6851 428.5331584 4820.882868
6852 428.5273738 4820.931579
6853 428.5367631 4820.978685
6854 428.5766869 4821.032575
6855 428.608063 4821.050124
6856 428.6565373 4821.110366
6857 428.7141527 4821.110754
6858 428.6931538 4821.111643
6859 428.683672 4821.147065
6860 428.708824 4821.217773
6861 428.7011144 4821.260284
6862 428.6921833 4821.332354
6863 428.6882939 4821.384599
6864 428.6799154 4821.402126
6865 428.6792281 4821.481994
6867 428.7008044 4821.550852
6868 435.9565179 4821.640486
6869 435.9729623 4821.602677
6870 435.9907954 4821.583403
6871 436.0268915 4821.606939
6872 436.0543285 4821.629003
6873 436.0850997 4821.636374
6874 436.1179395 4821.572419
6875 436.1312559 4821.545413
6876 436.1456698 4821.49785
6877 436.1220892 4821.456534
6878 436.113728 4821.452393
6879 436.1126292 4821.413307
6880 436.1356142 4821.349445
6881 436.1377317 4821.317215
6882 436.1713556 4821.259028
6883 436.2064391 4821.23537
6884 436.2210106 4821.212796
6885 436.2514288 4821.165747
6886 436.2835793 4821.139452
6887 436.3279345 4821.105044
6888 436.3512694 4821.060729
6889 436.3817522 4821.020344
6890 436.4148158 4820.996484
6891 436.4638431 4820.986024
6892 436.5343509 4820.948594
6893 436.5697941 4820.919937
6894 436.5722662 4820.907918
6895 436.5349764 4820.903605
6896 436.513245 4820.92969
6897 436.4651043 4820.991233
6898 436.4823935 4820.914098
6900 436.4392768 4820.977149
6901 436.3966827 4821.001432
6902 436.3612365 4821.029646
6909 436.0467695 4821.615746
6918 436.1007625 4821.456848
6920 436.7595441 4822.287855
6921 436.7339509 4822.272324
6922 436.7226216 4822.210232
6923 436.6984484 4822.199686
6924 436.6996158 4822.16069
6925 436.676048 4822.128702
6926 436.6737884 4822.120393
6927 436.6542906 4822.100251
6928 436.6365215 4822.083536
6929 436.6493757 4822.0331
6930 436.6618479 4822.053531
6931 436.6581694 4822.014691
6932 436.6494181 4822.003333
6933 436.6736767 4821.980002
6934 436.7012942 4821.935869
6935 436.7116 4821.905
6936 436.7266 4821.859
6937 436.7613 4821.878
6938 436.7869 4821.835
6939 436.7853 4821.836
6940 436.7515 4821.836
6941 436.8226 4821.85
6942 436.8147 4821.863
6943 436.8828 4821.896
6944 436.8688 4821.886
6945 436.8895 4821.923
6946 436.916 4821.94
6947 436.955 4821.977
6948 436.9498 4822.044
6949 436.9494 4822.031
6950 436.929 4822.07
6951 436.8982 4822.107
6952 436.8597 4822.147
6953 436.8257 4822.17
6954 436.7902 4822.222
6955 436.7836 4822.273
6957 411.5004 4816.971
6959 411.3257 4817.012
6961 411.2929 4817.018
6962 411.2913 4817.042
6963 411.2347 4817.086
6964 411.2096 4817.145
6966 411.1232 4817.166
6967 411.0986 4817.195
6968 411.153 4817.227
6969 411.2015 4817.234
6970 411.2337 4817.265
6971 411.2344 4817.308
6972 411.2173 4817.343
6973 411.1628 4817.376
6974 411.1782 4817.372
6975 411.2159 4817.34
6976 411.2347 4817.315
6977 411.2699 4817.265
6978 411.2982 4817.229
6979 411.3079 4817.18
6980 411.2782 4817.171
6981 411.2887 4817.161
6982 411.2639 4817.187
6983 411.2147 4817.192
6984 411.1941 4817.184
6985 411.1387 4817.192
6986 411.1108 4817.183
6987 411.1629 4817.166
6988 411.2032 4817.155
6989 411.2287 4817.099
6990 411.2524 4817.075
6991 411.298 4817.025
6992 411.3331 4817.018
6993 411.3535 4817.044
6994 411.3975 4817.064
6995 411.4504 4817.029
6997 411.9177 4816.745
6998 411.9669 4816.727
6999 412.0078 4816.719
7000 412.0547 4816.701
7001 412.1017 4816.662
7002 412.1476 4816.629
7003 412.1912 4816.594
7004 412.1908 4816.594
7005 412.2526 4816.547
7006 412.268 4816.531
7007 412.2201 4816.478
7008 412.1944 4816.448
7009 412.221 4816.476
7010 412.2432 4816.513
7011 412.2944 4816.55
7012 412.3116 4816.592
7013 412.3506 4816.6
7014 412.4042 4816.584
7015 412.4462 4816.6
7016 412.4447 4816.639
7017 412.404 4816.594
7018 412.3648 4816.595
7019 412.3188 4816.577
7020 412.3013 4816.548
7021 412.2562 4816.547
7022 412.2021 4816.592
7023 412.1527 4816.626
7024 412.0889 4816.659
7026 412.0335 4816.707
7027 411.9766 4816.72
7028 411.9289 4816.741
7030 413.3877 4816.347
7031 413.3902 4816.359
7032 413.4434 4816.362
7033 413.4581 4816.354
7034 413.5295 4816.362
7035 413.5651 4816.359
7036 413.5945 4816.368
7037 413.6534 4816.389
7038 413.6874 4816.391
7039 413.7457 4816.401
7040 413.7489 4816.394
7041 413.6944 4816.384
7042 413.6317 4816.377
7043 413.5385 4816.36
7045 413.4819 4816.345
7046 413.4441 4816.331
7047 413.3982 4816.335
7048 413.3713 4816.339
7050 413.5529 4816.303
7052 418.8928 4816.653
7053 418.8717 4816.677
7054 418.8316 4816.73
7055 418.7984 4816.799
7057 418.817 4816.875
7058 418.8301 4816.952
7060 418.8281 4817.032
7061 418.83 4817.085
7063 418.842 4817.207
7065 418.8809 4817.242
7066 418.8848 4817.251
7067 418.8767 4817.35
7069 418.8632 4817.452
7072 418.8148 4817.647
7075 418.8016 4817.496
7077 418.8321 4817.549
7079 418.7988 4817.525
7081 418.7515 4817.613
7082 418.7164 4817.668
7083 418.7204 4817.664
7084 418.7274 4817.644
7085 418.7241 4817.658
7086 418.7424 4817.591
7088 418.8192 4817.496
7089 418.8347 4817.491
7090 418.8364 4817.461
7091 418.8527 4817.371
7092 418.855 4817.324
7093 418.8331 4817.27
7094 418.8238 4817.249
7095 418.7959 4817.185
7096 418.7863 4817.105
7098 418.7686 4817.062
7099 418.7531 4817.013
7100 418.7755 4816.911
7102 418.7674 4816.855
7103 418.7781 4816.826
7104 418.8019 4816.756
7105 418.8448 4816.717
7107 418.901 4816.646
7108 420.6994 4816.482
7109 420.6766 4816.528
7110 420.6766 4816.592
7111 420.6724 4816.609
7112 420.6877 4816.641
7113 420.7172 4816.682
7114 420.7344 4816.718
7115 420.7611 4816.783
7116 420.7531 4816.841
7117 420.7598 4816.882
7118 420.7675 4816.904
7119 420.7817 4816.964
7120 420.7806 4817.002
7121 420.794 4816.942
7122 420.7843 4816.92
7123 420.7624 4816.856
7124 420.7461 4816.827
7125 420.7454 4816.78
7126 420.7341 4816.742
7127 420.7162 4816.674
7128 420.7164 4816.703
7129 420.6871 4816.635
7130 420.6674 4816.613
7131 420.6265 4816.617
7132 420.5829 4816.633
7133 420.5873 4816.648
7134 420.5435 4816.652
7135 420.4969 4816.648
7136 420.492 4816.611
7137 420.5088 4816.554
7138 420.5601 4816.528
7139 420.5951 4816.501
7140 420.6192 4816.491
7141 420.6226 4816.488
7142 420.6434 4816.503
7143 420.6447 4816.511
7144 420.7173 4816.455
7146 421.5901 4817.633
7147 421.5843 4817.643
7148 421.5541 4817.692
7149 421.4906 4817.705
7150 421.4446 4817.686
7151 421.3955 4817.643
7152 421.3809 4817.615
7153 421.3783 4817.608
7154 421.3679 4817.56
7155 421.3903 4817.542
7156 421.422 4817.566
7157 421.4452 4817.53
7158 421.4512 4817.498
7159 421.4238 4817.468
7160 421.3928 4817.459
7161 421.4107 4817.404
7162 421.3727 4817.359
7163 421.3349 4817.331
7164 421.3068 4817.317
7165 421.2493 4817.279
7166 421.2453 4817.269
7167 421.2001 4817.274
7168 421.1604 4817.275
7169 421.1467 4817.299
7170 421.1515 4817.353
7171 421.1279 4817.387
7172 421.1802 4817.378
7173 421.1816 4817.334
7174 421.1925 4817.289
7175 421.2326 4817.294
7176 421.2841 4817.302
7177 421.3233 4817.33
7178 421.3591 4817.355
7179 421.3962 4817.376
7180 421.4101 4817.41
7181 421.3932 4817.466
7182 421.4359 4817.481
7183 421.4526 4817.517
7184 421.4871 4817.551
7185 421.492 4817.542
7186 421.5022 4817.505
7187 421.5166 4817.459
7188 421.5627 4817.468
7189 421.5503 4817.492
7190 421.5657 4817.514
7191 421.57 4817.547
7192 421.5446 4817.539
7193 421.5413 4817.527
7194 421.5747 4817.581
7195 421.5782 4817.595
7196 443.2475 4817.433
7197 443.2252 4817.483
7198 443.1792 4817.502
7199 443.1739 4817.547
7200 443.1872 4817.59
7201 443.2114 4817.637
7202 443.1707 4817.624
7203 443.1391 4817.603
7204 443.1126 4817.581
7205 443.0642 4817.561
7206 443.039 4817.535
7207 443.0419 4817.495
7208 443.0326 4817.453
7209 443.0137 4817.416
7210 443.0058 4817.456
7211 443.0091 4817.511
7212 443.0144 4817.56
7213 443.011 4817.609
7214 443.0085 4817.648
7215 442.9808 4817.681
7216 442.9627 4817.729
7217 442.9658 4817.749
7218 442.9888 4817.738
7219 443.0531 4817.711
7220 443.0616 4817.663
7221 443.0752 4817.632
7222 443.1244 4817.639
7223 443.1502 4817.66
7224 443.2014 4817.671
7225 443.2402 4817.634
7226 443.246 4817.587
7227 443.236 4817.516
7228 443.2515 4817.495
7229 443.25 4817.458
7230 443.5907 4819.533
7231 443.5346 4819.522
7232 443.4899 4819.514
7233 443.4468 4819.519
7234 443.4378 4819.566
7235 443.4289 4819.6
7236 443.414 4819.619
7237 443.4537 4819.674
7238 443.4612 4819.704
7239 443.5028 4819.769
7240 443.4797 4819.756
7241 443.5074 4819.776
7242 443.5352 4819.807
7243 443.5833 4819.829
7244 443.5737 4819.796
7245 443.605 4819.837
7246 443.5874 4819.805
7247 443.618 4819.811
7248 443.6547 4819.798
7249 443.6935 4819.781
7250 443.7168 4819.746
7251 443.7469 4819.714
7252 443.7469 4819.611
7254 443.7459 4819.574
7255 443.7607 4819.498
7256 443.7859 4819.442
7257 443.811 4819.376
7258 443.8043 4819.358
7259 443.833 4819.31
7261 444.8088 4819.196
7262 444.7812 4819.155
7263 444.7504 4819.13
7264 444.7248 4819.062
7265 444.7203 4819.019
7266 444.6926 4818.982
7267 444.6608 4818.944
7268 444.6403 4818.919
7269 444.5894 4818.898
7270 444.5448 4818.866
7271 444.5182 4818.824
7272 444.5101 4818.79
7273 444.4839 4818.745
7274 444.4537 4818.745
7275 444.3906 4818.749
7276 444.3553 4818.736
7277 444.3113 4818.736
7278 444.3505 4818.716
7279 444.3686 4818.663
7280 444.3734 4818.623
7281 444.4117 4818.601
7282 444.4517 4818.603
7283 444.5247 4818.596
7284 444.5626 4818.587
7285 444.5985 4818.588
7286 444.6378 4818.562
7287 444.6361 4818.496
7288 444.6489 4818.46
7289 444.6616 4818.419
7290 444.6541 4818.35
7291 444.6548 4818.344
7292 444.7137 4818.342
7293 444.7172 4818.281
7294 444.7126 4818.236
7295 444.7077 4818.262
7296 444.7148 4818.332
7297 444.7045 4818.361
7298 444.67 4818.387
7299 444.6638 4818.474
7300 444.6629 4818.491
7301 444.6534 4818.541
7302 444.6044 4818.59
7303 444.5424 4818.6
7305 444.4745 4818.62
7306 444.4064 4818.642
7308 444.354 4818.696
7309 444.3968 4818.763
7310 444.4112 4818.776
7311 444.4674 4818.822
7312 444.4578 4818.876
7313 444.4681 4818.907
7314 444.4527 4818.952
7315 444.4385 4819.02
7316 444.4287 4819.051
7317 444.4403 4819.096
7318 444.4339 4819.127
7319 444.4633 4819.148
7320 444.5127 4819.177
7321 444.5781 4819.206
7322 444.6464 4819.21
7324 444.717 4819.217
7325 444.7461 4819.204
7326 444.8247 4819.2
7327 446.9082 4813.402
7328 446.8938 4813.456
7329 446.865 4813.494
7330 446.8335 4813.528
7331 446.8293 4813.547
7332 446.8363 4813.53
7333 446.809 4813.549
7335 446.8209 4813.647
7336 446.8013 4813.564
7337 446.8053 4813.584
7338 446.8117 4813.615
7339 446.8102 4813.679
7340 446.7788 4813.724
7341 446.7985 4813.757
7342 446.7981 4813.776
7343 446.8085 4813.837
7344 446.8266 4813.854
7345 446.831 4813.9
7346 446.8324 4813.903
7347 446.8692 4813.894
7348 446.8451 4813.859
7349 446.8307 4813.8
7350 446.8337 4813.775
7351 446.8176 4813.744
7352 446.7846 4813.713
7353 446.8073 4813.667
7354 446.8089 4813.604
7356 446.7705 4813.558
7357 446.7296 4813.522
7358 446.6898 4813.501
7359 446.6413 4813.48
7360 446.6059 4813.438
7361 446.6001 4813.386
7362 446.6725 4813.371
7364 446.7263 4813.386
7365 446.7926 4813.388
7366 446.7978 4813.382
7367 446.9177 4813.386
7369 446.956 4813.353
7370 447.0415 4813.283
7372 447.0766 4813.234
7373 447.0718 4813.187
7374 447.1193 4813.182
7376 447.8787 4815.338
7377 447.8178 4815.338
7378 447.7895 4815.334
7379 447.7781 4815.339
7380 447.8555 4815.344
7381 447.8832 4815.342
7382 447.8587 4815.389
7383 447.7991 4815.401
7384 447.7749 4815.434
7385 447.7577 4815.478
7386 447.712 4815.488
7387 447.6828 4815.476
7388 447.6935 4815.538
7389 447.6809 4815.594
7390 447.6635 4815.627
7391 447.6305 4815.644
7392 447.5753 4815.667
7393 447.546 4815.676
7394 447.4838 4815.69
7395 447.5009 4815.686
7396 447.558 4815.66
7397 447.6278 4815.643
7398 447.683 4815.581
7400 447.6906 4815.523
7401 447.6892 4815.458
7402 447.6917 4815.385
7404 447.7158 4815.332
7405 447.7837 4815.343
7407 447.8616 4815.344
7409 448.4755 4814.673
7410 448.4897 4814.606
7411 448.4639 4814.588
7412 448.4992 4814.625
7413 448.496 4814.613
7414 448.5518 4814.625
7415 448.5892 4814.615
7416 448.6261 4814.61
7417 448.6201 4814.573
7418 448.6261 4814.506
7419 448.6493 4814.483
7420 448.5907 4814.469
7421 448.5599 4814.468
7422 448.5418 4814.48
7423 448.5119 4814.485
7424 448.4941 4814.436
7425 448.5486 4814.419
7426 448.6071 4814.396
7427 448.6679 4814.4
7428 448.7178 4814.429
7430 448.7888 4814.453
7431 448.8489 4814.472
7432 448.8856 4814.47
7433 448.914 4814.431
7434 448.9671 4814.403
7435 448.9984 4814.386
7436 449.039 4814.341
7437 449.0295 4814.304
7438 449.04 4814.236
7439 449.0776 4814.185
7441 449.0865 4814.121
7442 449.0727 4814.144
7443 449.0264 4814.161
7444 449.0137 4814.184
7445 449.0278 4814.211
7446 448.9802 4814.249
7447 448.9547 4814.281
7448 448.9062 4814.308
7449 448.9193 4814.348
7451 399.4838 4811.67
7452 399.4923 4811.738
7453 399.5014 4811.801
7454 399.5218 4811.863
7456 399.555 4811.92
7457 399.5769 4811.994
7459 399.5913 4812.063
7460 399.6507 4812.086
7461 399.7065 4812.102
7462 399.6813 4812.16
7464 399.6295 4812.215
7465 399.6389 4812.276
7467 399.6474 4812.353
7468 399.6635 4812.422
7469 399.6757 4812.494
7471 399.6992 4812.547
7472 399.6919 4812.616
7473 399.6934 4812.645
7474 399.6915 4812.601
7475 399.6957 4812.536
7476 399.6687 4812.473
7478 399.6561 4812.398
7479 399.6445 4812.324
7481 399.6357 4812.25
7482 399.6517 4812.186
7483 399.7039 4812.136
7485 399.6817 4812.082
7486 399.6125 4812.078
7487 399.5921 4812.025
7489 399.5645 4811.954
7490 399.5449 4811.886
7492 399.5014 4811.831
7493 399.494 4811.77
7494 399.4878 4811.701
7495 399.498 4811.641
7497 399.4737 4811.584
7498 400.7007 4812.061
7499 400.6797 4812.1
7500 400.6702 4812.142
7501 400.6387 4812.184
7502 400.6402 4812.217
7503 400.6192 4812.261
7504 400.6323 4812.328
7505 400.6187 4812.375
7506 400.6229 4812.414
7507 400.6365 4812.489
7508 400.6547 4812.51
7509 400.6819 4812.492
7510 400.7218 4812.436
7511 400.7518 4812.384
7513 400.783 4812.333
7514 400.8277 4812.301
7515 400.8603 4812.332
7516 400.8947 4812.373
7517 400.9113 4812.329
7518 400.9769 4812.35
7520 401.0161 4812.414
7521 401.0473 4812.483
7523 401.0488 4812.569
7524 401.0402 4812.642
7526 401.0331 4812.726
7527 401.0228 4812.805
7529 401.0062 4812.881
7530 400.9694 4812.912
7531 400.9429 4812.929
7533 401.3844 4812.505
7534 401.4336 4812.552
7536 401.4855 4812.588
7537 401.5408 4812.627
7538 401.5993 4812.682
7540 401.6488 4812.725
7541 401.701 4812.782
7543 401.7309 4812.86
7544 401.6908 4812.918
7546 401.7137 4812.998
7547 401.713 4812.998
7548 401.7196 4813.074
7549 401.7297 4813.154
7551 401.7105 4813.216
7552 401.7002 4813.261
7553 401.7317 4813.331
7554 401.7337 4813.352
7555 401.7586 4813.419
7556 401.7615 4813.463
7557 401.7406 4813.495
7558 401.7426 4813.558
7559 401.7274 4813.592
7560 401.68 4813.648
7561 401.6607 4813.684
7562 401.6477 4813.722
7563 401.6348 4813.772
7564 401.6175 4813.805
7565 401.5866 4813.856
7566 401.5514 4813.866
7567 401.542 4813.796
7569 401.5846 4813.735
7570 401.6273 4813.664
7572 401.6689 4813.592
7573 401.682 4813.56
7574 401.6908 4813.513
7575 401.7097 4813.45
7577 401.7056 4813.351
7579 401.6907 4813.275
7580 401.7166 4813.198
7582 401.7286 4813.116
7584 401.7162 4813.037
7585 401.7098 4812.971
7586 401.6941 4812.914
7588 401.7292 4812.823
7589 401.7193 4812.799
7590 401.6967 4812.772
7591 401.639 4812.707
7593 401.573 4812.65
7594 401.4986 4812.594
7596 401.4356 4812.551
7597 401.4197 4812.517
7599 407.7589 4813.47
7600 407.7618 4813.435
7601 407.7628 4813.455
7602 407.7729 4813.421
7603 407.7795 4813.386
7604 407.7911 4813.324
7605 407.7837 4813.3
7606 407.7639 4813.285
7607 407.7373 4813.231
7608 407.7645 4813.23
7609 407.8044 4813.198
7610 407.7829 4813.165
7611 407.7647 4813.105
7612 407.7697 4813.11
7613 407.8188 4813.124
7614 407.8205 4813.096
7615 407.8438 4813.064
7616 407.8926 4813.097
7617 407.9049 4813.136
7618 407.9129 4813.179
7619 407.9228 4813.227
7620 407.9336 4813.28
7621 407.9858 4813.25
7622 407.9453 4813.299
7623 407.9201 4813.323
7624 407.9032 4813.339
7625 407.8577 4813.383
7626 407.82 4813.428
7628 408.7381 4812.779
7629 408.7213 4812.742
7630 408.7858 4812.725
7631 408.7863 4812.697
7632 408.7393 4812.696
7633 408.7083 4812.66
7634 408.732 4812.667
7635 408.7694 4812.632
7636 408.7233 4812.613
7637 408.6962 4812.59
7638 408.6676 4812.576
7639 408.6114 4812.568
7640 408.569 4812.566
7641 408.5312 4812.58
7642 408.5843 4812.564
7643 408.6166 4812.565
7644 408.6962 4812.587
7645 408.7049 4812.609
7646 408.6762 4812.617
7647 408.6377 4812.634
7648 408.5676 4812.641
7649 408.5353 4812.672
7650 408.5621 4812.72
7651 408.624 4812.73
7652 408.6411 4812.757
7653 408.6182 4812.799
7654 408.6801 4812.807
7656 409.899 4812.825
7660 409.6288 4812.488
7669 409.302 4812.189
7676 409.5074 4812.365
7681 409.5931 4812.542
7683 409.6222 4812.562
7684 409.6629 4812.604
7686 409.7236 4812.667
7687 409.7906 4812.704
7689 409.8371 4812.758
7690 409.8743 4812.792
7691 409.9392 4812.859
7694 410.1277 4812.844
7698 410.3457 4812.783
7702 410.5122 4812.775
7704 416.1116 4813.172
7706 416.0496 4813.143
7707 415.9989 4813.112
7708 415.9398 4813.091
7709 415.9053 4813.097
7710 415.9805 4813.1
7712 415.9057 4813.096
7713 415.8707 4813.083
7714 415.8164 4813.055
7715 415.7596 4813.036
7717 415.6761 4812.995
7719 415.5905 4812.977
7720 415.5352 4812.996
7721 415.4986 4813.028
7722 415.4615 4813.074
7723 415.4841 4813.118
7724 415.5251 4813.093
7725 415.525 4813.075
7726 415.5608 4813.077
7727 415.5803 4813.121
7728 415.5538 4813.078
7729 415.5781 4813.079
7730 415.6043 4813.054
7731 415.624 4813.101
7732 415.6458 4813.083
7733 415.6673 4813.089
7734 415.682 4813.106
7735 415.7169 4813.148
7736 415.6904 4813.178
7737 415.6423 4813.18
7738 415.6241 4813.147
7739 415.5965 4813.086
7740 415.5818 4813.089
7741 415.4929 4813.121
7743 415.5815 4813.119
7745 415.6802 4813.104
7747 415.6915 4813.177
7749 415.5828 4813.089
7750 415.5845 4813.086
7751 415.5586 4813.094
7752 415.4966 4813.103
7753 415.4579 4813.08
7754 415.4865 4813.032
7755 415.559 4812.978
7757 415.6367 4812.969
7759 415.7022 4812.993
7760 415.7681 4813.03
7761 415.8196 4813.048
7762 415.8383 4813.06
7763 415.8721 4813.092
7764 415.9751 4813.098
7766 416.038 4813.128
7767 416.0846 4813.163
7769 416.154 4813.133
7770 416.5949 4812.651
7771 416.571 4812.645
7772 416.5117 4812.639
7773 416.5357 4812.641
7774 416.483 4812.642
7775 416.4377 4812.658
7776 416.4158 4812.675
7777 416.3715 4812.655
7778 416.344 4812.676
7779 416.2975 4812.694
7780 416.2502 4812.726
7781 416.2664 4812.749
7782 416.3165 4812.741
7783 416.3611 4812.739
7784 416.4147 4812.769
7785 416.4436 4812.754
7786 416.4664 4812.762
7787 416.469 4812.805
7788 416.4496 4812.858
7789 416.4307 4812.926
7790 416.3875 4812.994
7792 416.3413 4813.056
7793 416.355 4813.064
7794 416.3383 4813.155
7795 416.3155 4813.163
7796 416.2371 4813.156
7797 416.2153 4813.158
7798 416.2713 4813.158
7800 416.3471 4813.156
7801 416.3622 4813.113
7802 416.3419 4813.067
7803 416.3751 4813.02
7804 416.3754 4813.018
7805 416.4198 4812.946
7806 416.4674 4812.896
7808 416.4873 4812.827
7809 416.5058 4812.793
7810 416.4501 4812.736
7812 416.3658 4812.72
7813 416.3159 4812.737
7814 416.258 4812.744
7816 416.266 4812.68
7817 416.3167 4812.665
7818 416.3651 4812.642
7819 416.459 4812.605
7821 416.5442 4812.625
7823 416.623 4812.644
7824 416.6904 4812.64
7826 416.7375 4812.637
7827 416.8124 4812.623
7829 416.8752 4812.573
7830 416.9391 4812.531
7832 417.0024 4812.487
7833 417.0434 4812.46
7835 417.253 4812.318
7836 417.249 4812.382
7837 417.2551 4812.439
7838 417.282 4812.494
7839 417.3216 4812.557
7841 417.3371 4812.514
7842 417.3773 4812.456
7843 417.413 4812.477
7844 417.4451 4812.474
7845 417.4882 4812.468
7846 417.4592 4812.435
7847 417.4497 4812.464
7848 417.3913 4812.475
7849 417.3503 4812.428
7850 417.3448 4812.45
7851 417.3318 4812.526
7852 417.331 4812.561
7853 417.3475 4812.604
7854 417.3954 4812.61
7855 417.4467 4812.62
7856 417.4643 4812.626
7857 417.4679 4812.628
7858 417.4742 4812.628
7859 417.5084 4812.631
7860 417.5233 4812.648
7861 417.5694 4812.665
7862 417.6217 4812.694
7863 417.6287 4812.692
7864 417.591 4812.671
7865 417.545 4812.647
7866 417.5023 4812.636
7867 417.4615 4812.625
7868 417.4223 4812.612
7869 417.3661 4812.603
7870 417.3346 4812.543
7871 417.3025 4812.511
7872 417.3098 4812.462
7873 417.2819 4812.45
7875 408.1135 4804.345
7876 408.1556 4804.397
7877 408.1633 4804.454
7878 408.1775 4804.504
7879 408.2265 4804.559
7881 408.2802 4804.613
7882 408.3102 4804.645
7883 408.3136 4804.649
7884 408.2978 4804.714
7885 408.2955 4804.716
7886 408.2439 4804.734
7887 408.1746 4804.769
7888 408.1861 4804.823
7889 408.1608 4804.831
7890 408.0991 4804.81
7891 408.0549 4804.78
7892 407.9983 4804.766
7893 407.9506 4804.741
7894 407.9154 4804.728
7895 407.9558 4804.749
7896 407.985 4804.76
7897 408.0388 4804.779
7898 408.095 4804.812
7899 408.1401 4804.821
7900 408.1791 4804.837
7901 408.22 4804.848
7902 408.2628 4804.841
7903 408.3114 4804.88
7904 408.3495 4804.849
7905 408.3247 4804.82
7906 408.2734 4804.775
7908 408.3202 4804.745
7909 408.3542 4804.696
7910 408.311 4804.647
7911 408.2823 4804.611
7912 408.2285 4804.561
7914 408.1781 4804.502
7916 408.8339 4806.202
7917 408.8019 4806.174
7918 408.765 4806.161
7919 408.7228 4806.131
7920 408.6954 4806.152
7921 408.6745 4806.113
7922 408.6852 4806.076
7923 408.704 4806.032
7924 408.765 4806.022
7925 408.743 4806.007
7926 408.6731 4805.978
7927 408.6713 4805.951
7928 408.6864 4805.911
7929 408.6718 4805.846
7930 408.6534 4805.833
7931 408.6278 4805.767
7932 408.639 4805.731
7933 408.6579 4805.696
7934 408.6478 4805.642
7935 408.6683 4805.604
7936 408.7148 4805.574
7937 408.7559 4805.584
7938 408.7935 4805.608
7939 408.8354 4805.617
7940 408.8752 4805.634
7941 408.886 4805.67
7942 408.8734 4805.615
7943 408.9153 4805.639
7944 408.9612 4805.69
7945 408.9323 4805.678
7946 408.8644 4805.7
7947 408.8041 4805.671
7949 408.7397 4805.654
7950 408.7045 4805.708
7951 408.6682 4805.758
7953 408.6642 4805.825
7954 408.6464 4805.895
7955 408.6153 4805.96
7957 408.6325 4806.041
7958 408.661 4806.051
7959 408.7088 4806.036
7960 408.771 4806.035
7961 408.8043 4806.072
7962 408.8055 4806.081
7963 408.8233 4806.142
7965 409.9432 4806.126
7967 409.9041 4805.925
7972 410.062 4805.65
7979 409.969 4805.317
7983 410.0198 4805.355
7985 410.1722 4805.438
7988 410.0529 4805.482
7990 410.0135 4805.52
7991 410.0178 4805.564
7992 410.0328 4805.601
7993 410.049 4805.65
7994 410.0304 4805.689
7995 410.0022 4805.737
7996 409.9715 4805.787
7997 409.9418 4805.823
7998 409.9062 4805.863
7999 409.8924 4805.889
8000 409.8765 4805.932
8001 409.8735 4805.982
8002 409.8756 4806.033
8003 409.8981 4806.075
8004 409.9588 4806.089
8005 410.0195 4806.098
8007 419.6351 4806.912
8008 419.6136 4806.921
8009 419.6421 4806.888
8010 419.5972 4806.882
8011 419.5797 4806.84
8012 419.5692 4806.804
8013 419.5489 4806.76
8014 419.578 4806.724
8015 419.598 4806.684
8016 419.5627 4806.661
8017 419.5862 4806.626
8018 419.5905 4806.6
8019 419.5936 4806.535
8020 419.5881 4806.555
8021 419.6051 4806.508
8022 419.6066 4806.513
8023 419.6036 4806.455
8024 419.5755 4806.421
8025 419.5734 4806.401
8026 419.5543 4806.366
8027 419.5701 4806.311
8028 419.5794 4806.257
8029 419.6048 4806.204
8030 419.6503 4806.201
8031 419.6355 4806.244
8032 419.6602 4806.304
8033 419.6843 4806.329
8034 419.683 4806.343
8035 419.6886 4806.421
8036 419.7421 4806.407
8037 419.7769 4806.358
8038 419.7975 4806.342
8039 419.7363 4806.393
8040 419.6886 4806.418
8041 419.6946 4806.393
8042 419.724 4806.347
8043 419.7132 4806.361
8044 419.6898 4806.353
8045 419.6606 4806.291
8046 419.6522 4806.227
8047 419.6039 4806.2
8049 419.5693 4806.272
8050 419.5506 4806.347
8052 419.5762 4806.44
8053 419.5751 4806.44
8054 419.6015 4806.504
8055 419.5736 4806.557
8057 419.561 4806.638
8058 419.5295 4806.677
8059 419.492 4806.735
8061 419.4565 4806.81
8062 419.4782 4806.881
8064 419.5433 4806.903
8065 419.6128 4806.921
8067 419.6672 4806.905
8068 420.9568 4806.781
8069 420.9639 4806.713
8070 420.9544 4806.629
8072 420.964 4806.546
8074 421.0177 4806.484
8075 421.0727 4806.416
8077 421.1197 4806.365
8078 421.1128 4806.344
8079 421.1156 4806.259
8080 421.1194 4806.248
8081 421.1027 4806.181
8082 421.0624 4806.166
8083 421.0209 4806.194
8084 420.9636 4806.242
8085 420.9301 4806.249
8086 420.9118 4806.225
8087 420.9658 4806.149
8088 420.9704 4806.138
8089 420.9991 4806.072
8090 421.0326 4806.048
8091 421.0479 4806.035
8092 421.0852 4805.974
8093 421.0783 4805.963
8094 421.0519 4806.027
8095 421.0085 4806.039
8097 421.0787 4805.954
8098 421.0523 4805.989
8099 421.0109 4806.025
8100 420.9784 4806.01
8101 420.94 4806.044
8102 420.9248 4806.118
8104 420.9015 4806.2
8105 420.9294 4806.256
8106 420.952 4806.264
8107 421.0247 4806.205
8109 421.0972 4806.184
8110 421.1084 4806.248
8112 421.1125 4806.275
8113 421.0998 4806.33
8115 421.5664 4806.776
8116 421.5789 4806.848
8117 421.6014 4806.814
8118 421.6337 4806.759
8119 421.6623 4806.722
8120 421.6875 4806.682
8121 421.7266 4806.664
8122 421.7149 4806.623
8123 421.7004 4806.607
8124 421.6785 4806.544
8125 421.6513 4806.49
8126 421.6106 4806.456
8127 421.5752 4806.435
8128 421.533 4806.39
8129 421.508 4806.356
8130 421.5064 4806.326
8131 421.5409 4806.275
8132 421.5853 4806.209
8134 421.6268 4806.163
8135 421.6796 4806.106
8136 421.7429 4806.092
8138 421.7796 4806.034
8139 421.8053 4805.966
8140 421.8068 4805.964
8141 421.7984 4805.899
8142 421.7399 4805.874
8143 421.7052 4805.896
8144 421.6964 4805.885
8145 421.7545 4805.845
8146 421.8095 4805.853
8147 421.8497 4805.886
8148 421.803 4805.956
8150 421.7712 4806.026
8152 421.7282 4806.096
8153 421.6588 4806.121
8155 421.6033 4806.179
8156 421.5819 4806.206
8157 421.5312 4806.278
8158 421.525 4806.287
8159 421.4991 4806.345
8160 421.5524 4806.418
8162 421.621 4806.472
8164 421.6633 4806.542
8165 421.6954 4806.61
8167 421.695 4806.681
8168 421.6546 4806.734
8170 421.595 4806.793
8171 421.5541 4806.833
8173 431.3531 4805.182
8174 431.365 4805.202
8175 431.4172 4805.243
8177 431.3677 4805.295
8178 431.3583 4805.31
8179 431.4145 4805.264
8180 431.4499 4805.316
8181 431.4783 4805.365
8182 431.4782 4805.36
8188 431.0594 4805.696
8193 431.0582 4805.697
8194 431.1159 4805.67
8195 431.186 4805.65
8196 431.2213 4805.65
8197 431.1586 4805.657
8198 431.0967 4805.685
8199 431.0811 4805.705
8200 431.1206 4805.761
8202 431.0969 4805.825
8203 431.0604 4805.86
8204 431.0346 4805.849
8205 430.9794 4805.839
8206 430.9204 4805.867
8207 430.8856 4805.91
8209 430.8779 4805.977
8210 430.9125 4806.007
8211 430.8928 4806.02
8212 430.9002 4805.996
8213 430.8793 4805.925
8214 430.8634 4805.867
8216 430.8158 4805.815
8217 430.7903 4805.752
8218 430.835 4805.722
8219 430.8513 4805.735
8220 430.8715 4805.792
8221 430.9259 4805.82
8222 430.9723 4805.807
8223 431.012 4805.821
8224 431.0159 4805.84
8225 432.4173 4805.427
8226 432.4598 4805.506
8228 432.4298 4805.633
8234 432.3767 4806.042
8238 432.3749 4806.045
8241 432.2733 4806.32
8246 432.3776 4806.488
8252 432.5936 4806.887
8260 432.8497 4807.142
8264 432.8386 4807.137
8265 432.7887 4807.078
8266 432.8002 4807
8268 432.7966 4806.926
8269 432.8479 4806.871
8271 432.8953 4806.815
8272 432.9122 4806.751
8274 433.2462 4805.161
8275 433.2119 4805.204
8276 433.1912 4805.265
8277 433.1694 4805.34
8279 433.1458 4805.395
8280 433.1207 4805.448
8281 433.0902 4805.491
8282 433.0612 4805.523
8283 433.0899 4805.492
8284 433.1043 4805.477
8285 433.0544 4805.532
8286 433.0435 4805.554
8287 433.0123 4805.617
8288 432.9937 4805.654
8289 432.9743 4805.713
8290 432.9838 4805.726
8291 432.9932 4805.783
8292 432.9917 4805.82
8293 433.0153 4805.858
8294 433.0609 4805.806
8295 433.0946 4805.796
8296 433.1293 4805.765
8297 433.164 4805.714
8298 433.201 4805.707
8299 433.2417 4805.695
8300 433.2791 4805.65
8301 433.2946 4805.6
8302 433.3288 4805.557
8303 433.3593 4805.531
8304 433.3733 4805.491
8305 433.3801 4805.44
8306 433.3871 4805.391
8307 433.4005 4805.334
8308 433.4116 4805.304
8309 433.4187 4805.275
8310 433.3792 4805.211
8311 433.3174 4805.181
8313 443.3193 4806.008
8314 443.3342 4805.951
8315 443.3276 4805.899
8316 443.312 4805.875
8317 443.2729 4805.84
8318 443.2665 4805.824
8319 443.2012 4805.808
8320 443.1606 4805.768
8321 443.2128 4805.784
8322 443.2555 4805.806
8323 443.2807 4805.814
8324 443.3461 4805.853
8325 443.3606 4805.83
8326 443.3866 4805.836
8327 443.4552 4805.866
8328 443.4522 4805.898
8329 443.4234 4805.924
8330 443.3857 4805.945
8331 443.3564 4805.976
8332 443.2999 4806.023
8333 443.2932 4806.038
8334 443.2463 4806.064
8335 443.2128 4806.094
8336 443.2066 4806.111
8337 443.1734 4806.135
8338 443.1504 4806.15
8339 443.1214 4806.187
8340 443.118 4806.235
8341 443.11 4806.27
8342 443.0912 4806.238
8343 443.0754 4806.174
8344 443.028 4806.129
8346 442.971 4806.114
8347 442.995 4806.057
8348 443.0529 4806.049
8349 443.1052 4806.078
8350 443.1635 4806.056
8352 443.2316 4806.037
8354 443.7248 4805.607
8355 443.769 4805.57
8356 443.7998 4805.504
8357 443.827 4805.457
8358 443.8187 4805.436
8359 443.7857 4805.412
8360 443.7891 4805.394
8361 443.8289 4805.391
8362 443.8451 4805.406
8363 443.8636 4805.452
8364 443.8479 4805.487
8365 443.8247 4805.524
8366 443.8118 4805.574
8367 443.798 4805.608
8368 443.7591 4805.657
8369 443.7594 4805.657
8370 445.4468 4806.35
8371 445.3995 4806.314
8372 445.3921 4806.301
8373 445.3669 4806.337
8374 445.3449 4806.372
8375 445.3214 4806.41
8376 445.2877 4806.444
8377 445.2508 4806.493
8378 445.2149 4806.531
8379 445.2171 4806.562
8380 445.171 4806.584
8381 445.1401 4806.601
8382 445.1723 4806.592
8383 445.2122 4806.56
8384 445.2489 4806.539
8385 445.259 4806.51
8386 445.2762 4806.464
8387 445.2901 4806.443
8388 445.3367 4806.422
8389 445.3361 4806.393
8390 445.3506 4806.417
8391 445.3817 4806.365
8392 445.3928 4806.359
8393 445.4044 4806.359
8394 445.4492 4806.324
8395 445.4968 4806.29
8396 445.5269 4806.261
8397 445.5363 4806.249
8398 445.5832 4806.203
8399 445.6249 4806.156
8400 445.6587 4806.117
8401 445.6703 4806.069
8403 408.3888 4794.39
8404 408.3409 4794.422
8405 408.3029 4794.456
8406 408.2611 4794.505
8407 408.232 4794.553
8408 408.2164 4794.594
8409 408.1856 4794.594
8410 408.1355 4794.588
8411 408.0987 4794.568
8412 408.037 4794.562
8413 408.0558 4794.565
8414 408.0537 4794.495
8415 408.0544 4794.458
8416 408.0357 4794.469
8417 408.0362 4794.419
8418 408.0293 4794.392
8419 407.9863 4794.378
8420 407.9683 4794.339
8421 407.969 4794.302
8422 408.0061 4794.247
8423 408.0191 4794.257
8424 408.0502 4794.229
8425 408.0927 4794.246
8426 408.1409 4794.249
8427 408.1633 4794.175
8429 408.2056 4794.225
8430 408.2236 4794.265
8431 408.259 4794.271
8432 408.2889 4794.229
8433 408.3247 4794.197
8434 408.3547 4794.194
8435 408.3837 4794.236
8436 408.4009 4794.272
8437 408.446 4794.312
8438 408.4872 4794.307
8439 408.5178 4794.343
8440 408.5061 4794.4
8441 408.5104 4794.436
8442 408.4862 4794.403
8443 408.4442 4794.381
8444 408.4387 4794.365
8446 408.9879 4794.308
8447 408.9461 4794.321
8448 408.9273 4794.349
8449 408.9297 4794.418
8450 408.9208 4794.46
8451 408.9285 4794.459
8452 408.9346 4794.397
8453 408.9335 4794.352
8454 408.9105 4794.316
8455 408.8985 4794.315
8456 408.9518 4794.329
8457 409.0018 4794.317
8458 409.0392 4794.276
8459 409.0764 4794.26
8460 409.1378 4794.217
8461 409.1789 4794.191
8462 409.2122 4794.181
8463 409.2366 4794.169
8464 409.285 4794.169
8465 409.3292 4794.159
8466 409.3576 4794.156
8467 409.3523 4794.091
8468 409.3762 4794.054
8469 409.3632 4794.008
8470 409.357 4793.918
8472 409.3544 4793.857
8473 409.3024 4793.811
8474 409.2782 4793.77
8475 409.2559 4793.739
8476 409.2187 4793.73
8477 409.176 4793.703
8478 409.1054 4793.715
8479 409.0522 4793.711
8480 408.9975 4793.698
8481 408.9726 4793.675
8482 408.9472 4793.627
8483 408.9913 4793.653
8484 409.0218 4793.68
8485 409.0627 4793.702
8486 409.0703 4793.704
8487 409.1268 4793.707
8488 409.1813 4793.706
8489 409.241 4793.743
8491 409.2965 4793.814
8492 409.2989 4793.844
8493 409.3006 4793.81
8494 409.3647 4793.853
8495 409.3892 4793.868
8496 409.4355 4793.889
8497 409.4585 4793.882
8498 409.4812 4793.931
8499 409.5142 4793.969
8500 409.5606 4794.016
8501 409.5476 4794.036
8502 409.4912 4794.074
8503 409.4296 4794.098
8504 409.4292 4794.099
8505 409.3853 4794.148
8506 409.3188 4794.162
8507 409.256 4794.152
8509 409.2122 4794.178
8510 409.1547 4794.19
8511 409.0942 4794.217
8512 409.0308 4794.236
8514 410.1614 4794.877
8515 410.197 4794.856
8516 410.1959 4794.833
8517 410.1728 4794.797
8518 410.1927 4794.765
8519 410.1702 4794.727
8520 410.1304 4794.704
8521 410.1049 4794.683
8522 410.117 4794.661
8523 410.114 4794.631
8524 410.0977 4794.61
8525 410.0872 4794.581
8526 410.0871 4794.518
8527 410.1054 4794.495
8528 410.1468 4794.481
8529 410.1795 4794.441
8530 410.1849 4794.391
8531 410.1747 4794.354
8532 410.1831 4794.301
8533 410.1793 4794.255
8534 410.1532 4794.2
8535 410.1488 4794.171
8536 410.1073 4794.198
8537 410.1329 4794.232
8538 410.1493 4794.288
8539 410.151 4794.297
8540 410.1306 4794.353
8541 410.1043 4794.397
8542 410.0742 4794.477
8543 410.0508 4794.531
8545 410.0709 4794.603
8546 410.0879 4794.674
8548 410.1207 4794.743
8549 410.1526 4794.812
8551 410.1573 4794.875
8552 431.5986 4795.014
8553 431.6274 4794.992
8554 431.6313 4794.958
8555 431.5874 4794.929
8556 431.5485 4794.892
8557 431.5466 4794.84
8558 431.5502 4794.847
8559 431.5803 4794.824
8560 431.589 4794.818
8561 431.6131 4794.774
8562 431.59 4794.756
8563 431.6126 4794.778
8564 431.6365 4794.696
8565 431.5975 4794.742
8566 431.5923 4794.731
8567 431.5691 4794.737
8568 431.5436 4794.715
8569 431.5308 4794.701
8570 431.5147 4794.663
8571 431.4935 4794.647
8572 431.446 4794.628
8573 431.4759 4794.665
8574 431.5097 4794.722
8575 431.5154 4794.745
8576 431.5141 4794.795
8577 431.4805 4794.839
8578 431.4427 4794.886
8579 431.4341 4794.924
8580 431.4882 4794.952
8581 431.554 4794.972
8583 432.5734 4793.372
8584 432.5758 4793.332
8585 432.5499 4793.334
8586 432.5474 4793.313
8587 432.536 4793.316
8588 432.5319 4793.313
8589 432.5329 4793.266
8590 432.5252 4793.249
8591 432.5168 4793.194
8592 432.5498 4793.179
8593 432.5776 4793.184
8594 432.5933 4793.188
8595 432.5631 4793.176
8596 432.5067 4793.141
8597 432.4593 4793.143
8598 432.4152 4793.13
8599 432.4178 4793.107
8600 432.3971 4793.115
8601 432.4038 4793.153
8603 432.4575 4793.204
8604 432.4862 4793.27
8606 432.5046 4793.342
8608 432.8406 4794.301
8610 433.0276 4794.389
8613 433.1089 4794.342
8618 433.4818 4794.37
8623 433.6162 4794.411
8625 433.58 4794.442
8626 433.4924 4794.392
8628 433.4034 4794.367
8631 433.2189 4794.374
8634 433.1057 4794.36
8636 433.0422 4794.382
8637 433.0215 4794.372
8638 432.9463 4794.372
8639 432.8728 4794.38
8641 432.8488 4794.303
8642 432.8495 4794.323
8643 432.8675 4794.372
8644 432.9061 4794.397
8645 432.955 4794.382
8646 433.0065 4794.377
8647 433.0308 4794.389
8648 433.098 4794.358
8649 433.1238 4794.336
8650 433.1784 4794.346
8651 433.2366 4794.364
8652 433.2812 4794.384
8653 433.325 4794.375
8654 433.3637 4794.345
8655 433.4295 4794.341
8656 433.4677 4794.356
8657 433.4814 4794.371
8658 433.49 4794.334
8659 433.4944 4794.361
8660 433.5564 4794.401
8661 433.5986 4794.406
8662 433.6105 4794.432
8663 433.5756 4794.438
8664 433.5308 4794.417
8665 433.4909 4794.392
8666 433.4604 4794.37
8667 433.4048 4794.367
8668 433.3544 4794.366
8669 433.3236 4794.376
8670 433.2685 4794.394
8671 433.2173 4794.375
8672 433.1661 4794.355
8673 433.124 4794.36
8674 433.0883 4794.38
8676 443.7143 4795.579
8677 443.6313 4795.635
8679 443.6717 4795.679
8681 443.6404 4795.472
8685 443.6758 4795.339
8687 443.6558 4795.235
8689 443.6776 4795.144
8692 443.6469 4794.987
8693 443.6474 4794.987
8694 443.6706 4795.067
8696 443.6943 4795.139
8697 443.7136 4795.212
8699 443.7045 4795.28
8700 443.7115 4795.347
8701 443.7035 4795.409
8703 443.6985 4795.485
8704 443.7161 4795.554
8706 444.7913 4795.806
8707 444.7592 4795.773
8708 444.7182 4795.733
8709 444.6782 4795.715
8710 444.6382 4795.727
8711 444.5858 4795.72
8712 444.5446 4795.701
8713 444.5484 4795.674
8714 444.5422 4795.631
8715 444.5396 4795.581
8716 444.5486 4795.539
8717 444.5626 4795.498
8718 444.584 4795.457
8719 444.6076 4795.402
8720 444.611 4795.457
8721 444.603 4795.489
8722 444.583 4795.55
8723 444.6023 4795.588
8724 444.632 4795.633
8725 444.644 4795.673
8726 444.6596 4795.72
8727 444.6796 4795.761
8728 444.7079 4795.797
8729 444.7407 4795.813
8730 444.7967 4795.828
8731 444.8286 4795.881
8732 444.849 4795.908
8733 444.8601 4795.947
8734 444.8388 4795.888
8735 444.8228 4795.842
8736 444.796 4795.825
8737 445.8616 4795.577
8738 445.8326 4795.561
8739 445.7853 4795.558
8740 445.7676 4795.558
8741 445.774 4795.586
8742 445.7681 4795.547
8743 445.7652 4795.551
8744 445.7349 4795.565
8745 445.7008 4795.584
8746 445.6579 4795.597
8747 445.6463 4795.602
8748 445.6357 4795.628
8749 445.6408 4795.594
8750 445.6071 4795.585
8751 445.6234 4795.572
8752 445.6173 4795.523
8753 445.6402 4795.49
8754 445.6597 4795.458
8755 445.6683 4795.439
8756 445.6619 4795.432
8757 445.6732 4795.386
8758 445.6676 4795.406
8759 445.6496 4795.373
8760 445.6514 4795.38
8761 445.6767 4795.401
8762 445.6721 4795.407
8763 445.7031 4795.401
8764 445.7168 4795.424
8765 445.7177 4795.445
8766 445.7619 4795.442
8767 445.7963 4795.454
8768 445.8282 4795.487
8769 445.8389 4795.493
8770 455.4683 4796.179
8771 455.4293 4796.08
8772 455.4137 4796.082
8773 455.3669 4796.084
8774 455.3386 4796.043
8775 455.3387 4795.997
8776 455.3306 4795.937
8777 455.3309 4795.899
8778 455.3234 4795.841
8779 455.3226 4795.803
8780 455.3245 4795.752
8781 455.324 4795.724
8782 455.3278 4795.673
8783 455.3044 4795.607
8784 455.3026 4795.564
8785 455.2952 4795.521
8786 455.3146 4795.494
8787 455.2998 4795.458
8788 455.3226 4795.483
8789 455.3156 4795.455
8790 455.3705 4795.448
8791 455.3911 4795.418
8792 455.4017 4795.348
8793 455.4034 4795.337
8794 455.461 4795.303
8802 455.3457 4796.058
8811 455.3307 4795.898
8814 455.3141 4795.766
8818 455.3042 4795.564
8821 455.3244 4795.478
8823 455.4023 4795.396
8825 455.537 4795.321
8828 455.5798 4795.375
8829 455.6114 4795.433
8830 455.6394 4795.502
8832 455.6777 4795.575
8833 455.6821 4795.578
8834 455.7594 4795.604
8835 455.8153 4795.653
8837 455.8324 4795.716
8838 455.8522 4795.786
8839 455.8514 4795.855
8841 455.7918 4795.896
8842 455.761 4795.925
8843 455.7254 4795.976
8844 455.7538 4796.05
8846 455.7846 4796.124
8847 455.7815 4796.133
8848 455.7892 4796.193
8849 455.8082 4796.259
8850 455.8255 4796.329
8852 455.8549 4796.386
8861 455.6837 4795.577
8874 455.783 4796.133
8883 455.856 4796.386
8886 456.454 4796.095
8887 456.4445 4796.075
8888 456.426 4796.093
8889 456.3824 4796.122
8890 456.3457 4796.154
8891 456.3126 4796.114
8892 456.2834 4796.083
8893 456.306 4796.051
8894 456.2912 4796.014
8895 456.2962 4795.956
8896 456.3255 4795.92
8897 456.3464 4795.891
8898 456.3709 4795.826
8899 456.4016 4795.789
8900 456.4348 4795.753
8901 456.467 4795.72
8902 456.5235 4795.728
8903 456.5572 4795.662
8905 456.555 4795.594
8906 456.564 4795.522
8908 456.5878 4795.457
8909 456.613 4795.408
8910 456.6069 4795.37
8911 456.6034 4795.327
8912 456.5988 4795.273
8913 456.5766 4795.247
8914 456.5287 4795.238
8915 456.5449 4795.273
8916 456.5626 4795.305
8917 456.5895 4795.335
8918 456.6122 4795.357
8919 456.6176 4795.409
8920 456.6162 4795.467
8922 456.5689 4795.501
8923 456.5803 4795.571
8924 456.5892 4795.601
8925 456.5686 4795.642
8926 456.539 4795.723
8927 456.4863 4795.719
8929 456.4318 4795.747
8930 456.4127 4795.781
8931 456.3718 4795.829
8932 456.3504 4795.895
8933 456.3228 4795.931
8934 456.3014 4795.951
8935 456.2862 4795.991
8936 456.3031 4796.053
8937 456.2861 4796.088
8938 456.3079 4796.095
8939 456.3687 4796.145
8940 456.3742 4796.12
8941 456.4138 4796.136
8942 456.4702 4796.131
8944 457.2977 4796.314
8945 457.2493 4796.322
8946 457.279 4796.284
8947 457.2782 4796.254
8948 457.2709 4796.277
8949 457.285 4796.202
8950 457.3126 4796.164
8951 457.3315 4796.115
8952 457.3362 4796.096
8953 457.3727 4796.05
8954 457.3467 4796.017
8955 457.3641 4796.014
8956 457.3278 4795.984
8957 457.3045 4795.948
8958 457.281 4795.914
8959 457.2442 4795.895
8960 457.1914 4795.895
8961 457.1893 4795.868
8962 457.2053 4795.835
8963 457.261 4795.822
8964 457.2665 4795.774
8965 457.2697 4795.725
8966 457.2875 4795.686
8967 457.3127 4795.652
8968 457.2985 4795.634
8969 457.3361 4795.615
8970 457.3466 4795.569
8971 457.3242 4795.52
8972 457.3063 4795.488
8973 457.2714 4795.439
8974 457.2554 4795.41
8975 457.2344 4795.37
8976 457.1862 4795.318
8977 457.1716 4795.291
8978 457.1192 4795.295
8979 457.1425 4795.286
8980 457.1799 4795.321
8981 457.2188 4795.356
8982 457.2505 4795.388
8983 457.2587 4795.449
8984 457.3139 4795.486
8985 457.328 4795.515
8986 457.3528 4795.582
8988 457.3009 4795.613
8989 457.2321 4795.589
8991 457.1581 4795.579
8992 457.0844 4795.58
8993 457.0761 4795.637
8995 457.1013 4795.704
8996 457.116 4795.743
8997 457.1076 4795.803
8998 457.1434 4795.848
8999 457.1782 4795.874
9000 457.2105 4795.92
9001 457.2524 4795.921
9002 457.2663 4795.97
9003 457.3022 4796.009
9004 457.3091 4796.046
9005 457.3229 4796.08
9006 457.3516 4796.11
9007 457.3819 4796.147
9008 457.3663 4796.205
9009 457.3156 4796.231
9010 457.3333 4796.264
9011 457.3379 4796.3
9013 415.8433 4790.195
9016 415.7808 4790.487
9022 415.8976 4790.775
9026 415.9785 4790.835
9029 416.0358 4790.965
9031 416.0288 4791.096
9033 415.9919 4791.066
9034 415.9866 4791.041
9035 415.9732 4790.981
9036 415.9582 4790.925
9037 415.9034 4790.875
9039 415.8894 4790.801
9040 415.8708 4790.769
9041 415.8023 4790.757
9042 415.7546 4790.693
9044 415.7318 4790.608
9046 415.7422 4790.527
9047 415.7391 4790.448
9048 415.7389 4790.446
9049 415.7582 4790.381
9051 416.9172 4788.975
9053 417.0993 4789.055
9057 417.0736 4789.232
9059 417.0624 4789.311
9063 417.3608 4789.364
9069 417.101 4789.333
9073 417.1686 4789.456
9075 417.1092 4789.432
9077 417.066 4789.326
9078 417.0531 4789.314
9079 416.9866 4789.325
9080 416.9509 4789.297
9081 416.9545 4789.247
9082 417.0118 4789.22
9083 417.0289 4789.159
9085 417.036 4789.103
9086 417.0695 4789.051
9087 417.061 4788.993
9088 416.9808 4788.986
9090 416.9165 4788.976
9091 416.9803 4788.97
9092 417.0249 4788.947
9093 417.0462 4788.95
9094 417.0745 4789.002
9095 417.0971 4789.054
9096 417.097 4789.073
9097 417.086 4789.147
9098 417.0758 4789.161
9099 417.0545 4789.201
9100 417.0838 4789.232
9101 417.0922 4789.281
9102 417.0728 4789.312
9103 417.0276 4789.324
9104 417.0484 4789.307
9105 417.1173 4789.305
9106 417.16 4789.31
9107 417.2326 4789.312
9108 417.2725 4789.289
9109 417.296 4789.299
9110 417.351 4789.36
9111 417.3879 4789.365
9112 417.4243 4789.341
9113 417.3738 4789.369
9114 417.3254 4789.346
9115 417.2798 4789.305
9117 417.2289 4789.321
9118 417.1711 4789.304
9119 417.1166 4789.308
9120 417.1141 4789.347
9121 417.1392 4789.395
9122 417.1663 4789.441
9123 417.1542 4789.452
9124 417.1214 4789.428
9125 417.0779 4789.445
9126 417.0588 4789.395
9127 417.067 4789.356
9128 417.0537 4789.314
9132 416.9225 4788.978
9136 416.9534 4788.993
9137 416.9377 4788.989
9138 417.0194 4788.958
9139 417.062 4788.942
9141 417.1414 4788.957
9142 417.205 4788.99
9144 417.2622 4789.016
9145 417.3256 4789.014
9146 417.3738 4788.994
9147 417.4071 4788.991
9148 417.4719 4788.981
9149 417.5349 4788.971
9150 417.5687 4788.972
9153 417.3891 4788.989
9155 417.3437 4789.003
9156 417.2767 4789.013
9157 417.2045 4788.991
9158 417.1981 4788.986
9159 417.1259 4788.946
9161 417.0528 4788.938
9162 416.9878 4788.978
9164 416.9234 4788.987
9165 417.5684 4788.972
9166 417.6594 4788.982
9171 417.9655 4789.227
9176 418.0376 4789.278
9180 418.2086 4789.59
9184 418.2925 4789.614
9186 418.3542 4789.677
9187 418.316 4789.687
9188 418.2829 4789.669
9189 418.2584 4789.643
9190 418.1895 4789.578
9192 418.1175 4789.534
9194 418.0752 4789.469
9195 418.0382 4789.403
9197 417.9908 4789.34
9198 417.949 4789.26
9201 417.829 4789.186
9202 417.8287 4789.187
9203 417.7933 4789.156
9204 417.754 4789.086
9206 417.719 4789.01
9207 417.6337 4788.981
9209 417.5529 4788.972
9211 417.4735 4788.988
9212 409.0185 4774.921
9213 409.0115 4774.889
9214 409.0173 4774.846
9215 409.0163 4774.811
9216 408.9719 4774.806
9217 408.9847 4774.766
9218 408.9849 4774.73
9219 408.9552 4774.672
9220 408.9546 4774.65
9221 408.9476 4774.585
9222 408.9534 4774.561
9223 408.954 4774.506
9224 408.9553 4774.457
9225 408.969 4774.409
9226 408.9009 4774.412
9227 408.8539 4774.406
9228 408.8422 4774.38
9229 408.8105 4774.335
9230 408.8194 4774.364
9231 408.8472 4774.403
9232 408.9095 4774.413
9234 408.992 4774.423
9235 409.0122 4774.432
9236 409.0638 4774.478
9237 409.0983 4774.485
9238 409.1023 4774.536
9239 409.1513 4774.585
9240 409.1687 4774.608
9241 409.183 4774.671
9242 409.193 4774.7
9243 409.2 4774.75
9244 409.1953 4774.794
9245 409.2555 4774.844
9246 409.244 4774.861
9247 409.2166 4774.913
9248 409.1522 4774.903
9249 409.1521 4774.902
9250 409.1022 4774.921
9251 409.0138 4774.941
9252 408.9858 4774.94
9254 409.9912 4774.796
9255 409.974 4774.734
9256 409.9329 4774.696
9257 409.8867 4774.661
9258 409.882 4774.654
9259 409.8914 4774.572
9260 409.8943 4774.54
9261 409.8919 4774.49
9262 409.923 4774.415
9263 409.9214 4774.415
9264 409.943 4774.376
9265 409.9614 4774.317
9266 409.9537 4774.278
9267 409.9307 4774.229
9268 409.9007 4774.192
9269 409.8696 4774.175
9270 409.7917 4774.147
9272 409.7336 4774.139
9273 409.6899 4774.138
9274 409.6405 4774.101
9275 409.5881 4774.058
9276 409.5434 4774.042
9277 409.5365 4774.027
9278 409.4965 4773.982
9279 409.4669 4773.937
9280 409.4609 4773.924
9281 409.4431 4773.889
9282 409.4064 4773.823
9283 409.3937 4773.762
9284 409.4026 4773.734
9285 409.4262 4773.712
9286 409.4672 4773.705
9287 409.4642 4773.67
9288 409.4296 4773.656
9289 409.4075 4773.722
9290 409.3825 4773.736
9291 409.3861 4773.763
9292 409.4141 4773.832
9293 409.4423 4773.889
9295 409.484 4773.959
9296 409.5258 4774.024
9298 409.5953 4774.07
9300 409.6592 4774.114
9301 409.7324 4774.142
9303 409.8089 4774.158
9304 409.8905 4774.174
9306 409.9525 4774.164
9307 409.9977 4774.126
9308 409.9866 4774.165
9309 410.0096 4774.126
9310 410.0676 4774.139
9312 410.1625 4774.102
9314 410.2133 4774.035
9315 410.2686 4774.006
9316 410.2921 4774.051
9318 410.3104 4774.13
9319 410.2494 4774.143
9321 410.2173 4774.236
9323 410.201 4774.32
9324 410.1758 4774.359
9325 410.158 4774.351
9326 410.0809 4774.337
9327 410.0448 4774.41
9329 410.0285 4774.48
9330 410.0302 4774.558
9332 410.0403 4774.637
9333 410.0264 4774.723
9336 410.5721 4773.735
9337 410.6272 4773.702
9338 410.6317 4773.636
9339 410.6284 4773.595
9340 410.6787 4773.609
9341 410.7193 4773.573
9342 410.7505 4773.514
9343 410.7518 4773.51
9344 410.8167 4773.449
9345 410.8523 4773.438
9346 410.8508 4773.399
9347 410.8617 4773.347
9348 410.8584 4773.316
9349 410.8593 4773.264
9350 410.868 4773.234
9351 410.8491 4773.151
9352 410.8036 4773.142
9353 410.7835 4773.155
9354 410.7214 4773.133
9355 410.6622 4773.127
9356 410.6137 4773.11
9357 410.6168 4773.069
9358 410.6491 4773.044
9359 410.713 4773.028
9360 410.6958 4773.001
9361 410.703 4772.961
9362 410.7156 4772.916
9363 410.7101 4772.897
9364 410.6991 4772.861
9365 410.6911 4772.81
9366 410.6619 4772.778
9367 410.6373 4772.741
9368 410.6284 4772.728
9369 410.63 4772.716
9370 410.6369 4772.747
9371 410.674 4772.795
9372 410.6945 4772.852
9373 410.7062 4772.893
9374 410.6994 4772.951
9375 410.7079 4773.027
9377 410.6452 4773.048
9378 410.6112 4773.097
9379 410.6753 4773.122
9381 410.7453 4773.139
9382 410.8292 4773.127
9384 410.8611 4773.202
9385 410.8522 4773.272
9387 410.8568 4773.344
9388 410.8346 4773.415
9390 410.7851 4773.467
9391 410.7437 4773.533
9393 410.6943 4773.601
9395 410.6194 4773.599
9396 410.6378 4773.67
9398 410.5894 4773.731
9399 412.7815 4786.407
9401 412.7142 4786.417
9402 412.6746 4786.46
9404 412.5824 4786.516
9405 412.5599 4786.533
9406 412.5086 4786.561
9407 412.4533 4786.583
9408 412.4031 4786.603
9409 412.3671 4786.604
9410 412.3262 4786.648
9411 412.3361 4786.715
9413 412.3477 4786.775
9414 412.3504 4786.719
9415 412.3554 4786.787
9416 412.357 4786.795
9417 412.3147 4786.76
9418 412.3692 4786.794
9419 412.4153 4786.814
9420 412.3643 4786.807
9421 412.3501 4786.81
9422 412.3041 4786.864
9423 412.2934 4786.904
9424 412.3051 4786.947
9425 412.2928 4787.001
9426 412.285 4787.049
9427 412.2577 4787.053
9428 412.2184 4787.075
9429 412.2423 4787.133
9430 412.2768 4787.12
9431 412.2871 4787.095
9436 412.3969 4786.604
9443 412.3348 4786.784
9446 412.3178 4786.82
9448 412.2545 4787.048
9451 412.2881 4787.094
9452 412.2875 4787.088
9453 412.2951 4787.03
9454 412.3155 4786.952
9456 412.3505 4786.879
9457 412.3669 4786.796
9459 412.3402 4786.716
9461 412.3333 4786.643
9462 412.3975 4786.611
9464 412.4688 4786.586
9465 412.5453 4786.554
9467 412.592 4786.503
9468 412.6571 4786.464
9470 412.715 4786.417
9471 412.7757 4786.367
9473 412.8294 4786.311
9474 412.8712 4786.27
9475 412.8706 4786.275
9485 412.288 4787.087
9502 412.6219 4786.485
9512 412.872 4786.274
9516 413.3166 4786.82
9517 413.3718 4786.853
9518 413.3995 4786.886
9519 413.4232 4786.921
9520 413.4505 4786.953
9521 413.4844 4786.987
9522 413.4946 4787.029
9523 413.474 4787.04
9524 413.4626 4787.01
9525 413.4339 4787
9526 413.4179 4786.984
9527 413.3758 4786.976
9528 413.365 4786.935
9529 413.3357 4786.899
9530 413.3169 4786.866
9531 413.2928 4786.824
9532 413.2563 4786.835
9533 413.213 4786.841
9534 413.1992 4786.838
9535 413.2402 4786.825
9536 413.2802 4786.794
9538 414.363 4784.821
9540 414.2216 4784.954
9544 414.1358 4785.184
9547 414.155 4785.193
9548 414.167 4785.31
9551 414.2359 4785.378
9553 414.3415 4785.471
9557 414.2334 4785.744
9561 414.1656 4785.761
9563 414.1074 4785.844
9564 414.089 4785.902
9565 414.0862 4785.863
9567 414.1624 4785.741
9569 414.2375 4785.723
9571 414.2841 4785.67
9572 414.3092 4785.605
9574 414.3395 4785.545
9575 414.3709 4785.493
9576 414.4288 4785.463
9578 414.4548 4785.375
9579 414.4542 4785.368
9580 414.524 4785.329
9581 414.5415 4785.277
9582 414.5391 4785.196
9584 414.5518 4785.128
9585 414.5505 4785.051
9587 414.5377 4784.99
9588 414.5709 4784.88
9591 414.4744 4784.743
9593 414.4574 4784.732
9594 414.4361 4784.75
9595 414.3852 4784.827
9597 420.0083 4781.473
9598 420.1416 4781.535
9603 420.3666 4781.678
9606 420.4767 4781.703
9609 420.6345 4781.778
9612 420.5712 4781.889
9615 420.7098 4781.954
9617 420.7008 4781.899
9618 420.7129 4781.873
9619 420.7369 4781.809
9621 420.754 4781.719
9622 420.6616 4781.694
9624 420.5855 4781.706
9626 420.5102 4781.71
9627 420.4325 4781.697
9629 420.4255 4781.625
9630 420.3692 4781.588
9632 420.2927 4781.618
9633 420.2484 4781.658
9634 420.2358 4781.685
9635 420.1836 4781.728
9636 420.1498 4781.659
9638 421.0447 4781.355
9640 421.2558 4781.363
9643 421.3369 4781.44
9645 421.4108 4781.505
9647 421.466 4781.59
9651 421.3934 4781.799
9654 421.3602 4781.946
9657 421.3843 4782.059
9658 421.3861 4782.067
9660 421.4413 4782.174
9662 421.4962 4782.244
9664 421.4053 4782.228
9665 421.4113 4782.213
9666 421.4349 4782.128
9667 421.3638 4782.091
9668 421.3464 4782.058
9669 421.3138 4782.029
9670 421.272 4782.005
9671 421.246 4781.977
9672 421.2011 4781.953
9673 421.1687 4781.94
9674 421.174 4781.888
9675 421.1415 4781.804
9676 421.146 4781.793
9677 421.1873 4781.753
9678 421.2098 4781.686
9680 421.1372 4781.632
9681 421.0999 4781.567
9683 421.1217 4781.479
9685 421.0801 4781.402
9686 421.0443 4781.354
9687 421.0449 4781.353
9696 421.4121 4782.212
9706 421.9232 4782.956
9707 421.8863 4782.962
9708 421.8887 4782.923
9709 421.8716 4782.899
9710 421.8939 4782.953
9711 421.9229 4782.954
9712 421.9309 4783.034
9714 421.8555 4783.056
9716 421.8068 4782.99
9717 421.7614 4782.921
9718 421.7219 4782.93
9719 421.7353 4782.909
9720 421.7797 4782.964
9722 421.8259 4783.023
9723 421.8947 4783.048
9724 421.9267 4783.052
9725 421.9438 4783.011
9726 421.8936 4782.981
9727 421.8875 4782.934
9728 421.8844 4782.894
9729 421.8887 4782.856
9730 421.8868 4782.811
9731 421.8978 4782.771
9732 421.9353 4782.756
9733 421.9798 4782.727
9734 422.023 4782.705
9735 422.0593 4782.683
9736 422.037 4782.681
9737 422.0647 4782.667
9738 422.1024 4782.621
9739 422.1386 4782.618
9740 422.1819 4782.549
9741 422.1814 4782.513
9742 422.1937 4782.459
9743 422.1741 4782.412
9744 422.1722 4782.387
9745 422.1551 4782.358
9746 422.1515 4782.297
9747 422.2037 4782.243
9748 422.233 4782.238
9749 422.2698 4782.195
9750 422.2867 4782.17
9751 422.3125 4782.15
9752 422.3411 4782.2
9753 422.3448 4782.228
9754 422.341 4782.308
9755 422.3106 4782.315
9756 422.263 4782.385
9757 422.2671 4782.374
9758 422.2279 4782.393
9759 422.2105 4782.413
9760 422.2376 4782.452
9761 422.2815 4782.503
9762 422.3195 4782.532
9763 422.3913 4782.527
9764 422.457 4782.555
9766 422.4823 4782.624
9767 422.5125 4782.668
9768 422.5242 4782.693
9776 421.8806 4782.918
9783 421.8907 4782.88
9785 422.0003 4782.712
9789 422.1644 4782.582
9795 422.2128 4782.238
9800 422.345 4782.204
9803 422.2476 4782.376
9808 422.4818 4782.587
9812 422.5249 4782.693
9814 422.4966 4782.688
9815 422.436 4782.67
9816 422.3646 4782.692
9818 422.2901 4782.718
9819 422.2328 4782.687
9821 422.1603 4782.698
9822 422.1056 4782.743
9824 422.0593 4782.814
9825 422.0009 4782.877
9827 421.9476 4782.956
9829 421.9408 4783.015
9830 421.9224 4783.051
9831 421.8458 4783.051
9832 421.7969 4782.985
9834 421.7526 4782.925
9836 431.9115 4782.277
9837 431.8962 4782.298
9838 431.9127 4782.337
9839 431.8802 4782.372
9840 431.8778 4782.386
9841 431.832 4782.429
9842 431.7971 4782.418
9843 431.7751 4782.424
9844 431.7255 4782.45
9845 431.7517 4782.453
9846 431.7814 4782.44
9847 431.8082 4782.441
9848 431.8523 4782.423
9849 431.8978 4782.395
9850 431.9159 4782.361
9851 431.9561 4782.352
9852 432.007 4782.328
9853 432.0374 4782.353
9854 432.0565 4782.394
9855 432.0971 4782.438
9856 432.1184 4782.422
9857 432.1608 4782.383
9858 432.1872 4782.339
9859 432.1551 4782.317
9860 432.1382 4782.307
9861 432.0712 4782.324
9862 432.0236 4782.338
9863 431.9839 4782.315
9864 431.9523 4782.274
9866 433.3726 4783.211
9867 433.3196 4783.211
9868 433.2675 4783.182
9869 433.2085 4783.178
9871 433.14 4783.207
9872 433.1392 4783.264
9873 433.1751 4783.27
9874 433.1933 4783.272
9875 433.2098 4783.25
9876 433.2232 4783.203
9877 433.2494 4783.221
9878 433.2751 4783.227
9879 433.2611 4783.256
9880 433.2598 4783.332
9881 433.2448 4783.358
9882 433.2915 4783.389
9883 433.3196 4783.352
9884 433.3391 4783.325
9885 433.3609 4783.281
9886 433.3954 4783.233
9887 433.4214 4783.208
9888 433.4211 4783.268
9889 433.4217 4783.276
9890 433.459 4783.28
9891 433.4749 4783.316
9892 433.5295 4783.328
9893 433.5264 4783.38
9894 433.5534 4783.407
9895 433.5941 4783.429
9896 433.6281 4783.418
9897 433.6613 4783.387
9898 433.6346 4783.348
9899 433.5839 4783.371
9900 433.5371 4783.382
9901 433.5158 4783.346
9902 433.4871 4783.3
9903 433.474 4783.256
9904 433.4498 4783.228
9906 434.0614 4783.378
9907 434.027 4783.381
9908 433.9733 4783.361
9909 433.9507 4783.407
9910 433.9361 4783.453
9911 433.9673 4783.497
9912 433.9863 4783.525
9913 434.0203 4783.553
9914 434.071 4783.55
9915 434.0161 4783.585
9916 433.9971 4783.611
9917 433.9753 4783.605
9918 433.9467 4783.675
9919 433.9302 4783.724
9920 433.9315 4783.743
9921 433.9241 4783.807
9922 433.949 4783.759
9923 433.9761 4783.713
9924 434.0097 4783.679
9925 434.0244 4783.643
9926 434.0442 4783.596
9927 434.0693 4783.553
9928 434.0751 4783.509
9929 434.0889 4783.473
9930 434.1247 4783.423
9931 434.1397 4783.375
9932 434.114 4783.346
9933 434.0977 4783.318
9934 434.0305 4783.279
9936 434.0621 4783.338
9937 434.0406 4783.366
9938 434.0547 4783.393
9939 443.8381 4781.768
9940 443.8112 4781.795
9941 443.849 4781.806
9942 443.8236 4781.853
9943 443.8179 4781.888
9944 443.8019 4781.912
9945 443.7611 4781.953
9946 443.7432 4781.979
9947 443.7765 4782.02
9948 443.8035 4782.046
9949 443.8483 4782.053
9950 443.8961 4782.036
9951 443.9045 4781.983
9952 443.9147 4781.947
9953 443.8623 4781.94
9954 443.8566 4781.894
9955 443.8889 4781.888
9956 443.9338 4781.876
9957 443.9671 4781.855
9958 444.0024 4781.798
9959 444.0005 4781.761
9960 444.0251 4781.733
9961 444.0178 4781.675
9962 444.0276 4781.64
9963 444.0266 4781.583
9964 444.0649 4781.554
9965 444.0563 4781.541
9966 444.0036 4781.578
9967 443.9771 4781.609
9968 443.9564 4781.648
9969 443.9116 4781.68
9970 443.8911 4781.702
9971 443.8696 4781.72
9972 445.4098 4782.634
9973 445.3628 4782.703
9975 445.3138 4782.775
9976 445.2677 4782.843
9978 445.2166 4782.846
9979 445.158 4782.8
9980 445.1521 4782.785
9981 445.1553 4782.701
9982 445.0788 4782.671
9984 445.0271 4782.696
9985 444.9821 4782.634
9987 444.9636 4782.556
9988 444.9884 4782.548
9989 445.0151 4782.473
9990 445.0119 4782.461
9994 445.1583 4782.799
10001 444.9889 4782.548
10004 445.0126 4782.46
10008 444.922 4782.257
10013 445.0594 4782.001
10016 445.0312 4781.965
10017 445.0515 4781.932
10018 445.0715 4781.869
10019 445.1 4781.928
10021 445.1801 4781.954
10022 445.2163 4781.943
10023 445.2914 4781.937
10025 445.3524 4781.976
10026 445.3971 4782.02
10028 445.8229 4781.971
10029 445.8046 4782.065
10031 445.8766 4782.137
10033 445.9431 4782.169
10034 446.0442 4782.157
10036 446.0393 4782.21
10038 446.0348 4782.31
10039 445.9656 4782.375
10041 445.8754 4782.421
10044 445.7611 4782.522
10047 445.6385 4782.667
10050 445.6126 4782.699
10051 445.558 4782.699
10052 445.4847 4782.677
10054 445.6125 4782.686
10063 445.4807 4781.986
10070 445.5051 4781.94
10071 445.5188 4781.923
10072 445.5813 4781.922
10073 445.6213 4781.957
10074 445.6805 4781.95
10075 445.7292 4781.931
10077 445.795 4781.972
10078 445.8259 4781.977
10081 445.5053 4781.94
10085 413.5768 4769.973
10086 413.5302 4770.04
10087 413.5417 4770.013
10088 413.5115 4769.984
10089 413.47 4769.943
10090 413.4425 4769.976
10091 413.4315 4770.034
10095 413.1409 4769.902
10100 412.8925 4770.011
10104 412.9496 4769.969
10106 412.9583 4769.834
10109 412.7571 4769.8
10115 413.0863 4770.004
10119 413.0921 4770.007
10120 413.141 4769.963
10121 413.1354 4769.891
10123 413.1494 4769.816
10124 413.205 4769.818
10125 413.2464 4769.814
10126 413.3171 4769.827
10128 413.3358 4769.907
10129 413.3589 4769.971
10131 413.3929 4770.027
10132 413.4406 4770
10133 413.4626 4769.944
10134 413.5245 4769.983
10136 413.8015 4769.229
10137 413.7577 4769.346
10140 413.9158 4769.42
10143 413.9262 4769.544
10146 413.8248 4769.688
10150 413.6716 4769.867
10154 413.7086 4769.754
10156 413.7517 4769.71
10157 413.7654 4769.683
10158 413.8035 4769.645
10159 413.8512 4769.619
10160 413.8582 4769.561
10161 413.8502 4769.523
10162 413.8472 4769.479
10163 413.8214 4769.429
10164 413.7968 4769.365
10165 413.7808 4769.313
10166 413.7963 4769.262
10167 413.8072 4769.23
10168 413.7823 4769.315
10172 413.8417 4769.624
10176 413.7623 4769.676
10178 413.7539 4769.674
10179 413.6833 4769.748
10180 413.6567 4769.751
10183 413.6424 4769.959
10189 414.0137 4769.717
10194 413.9762 4769.657
10196 413.956 4769.591
10197 413.9037 4769.656
10199 413.8494 4769.689
10200 413.7803 4769.734
10202 413.7289 4769.772
10203 413.6555 4769.784
10204 413.6326 4769.776
10205 413.6609 4769.76
10206 413.7267 4769.727
10207 413.7581 4769.693
10208 413.7904 4769.652
10209 413.8335 4769.632
10210 413.8576 4769.597
10211 413.8639 4769.559
10212 413.8588 4769.491
10213 413.8414 4769.423
10214 413.817 4769.378
10215 413.8039 4769.347
10216 413.7907 4769.302
10217 413.7922 4769.262
10218 413.7878 4769.206
10219 413.775 4769.162
10220 413.772 4769.104
10221 413.7842 4769.052
10222 413.7966 4769.007
10223 413.8075 4768.975
10224 413.8686 4768.952
10225 413.9074 4768.923
10226 413.9456 4768.878
10227 413.9654 4768.868
10229 414.4165 4768.796
10231 414.3966 4769.028
10235 414.4402 4769.161
10237 414.4292 4769.254
10240 414.3317 4769.426
10244 414.3689 4769.604
10247 414.3477 4769.716
10248 414.3471 4769.73
10249 414.3164 4769.758
10250 414.2917 4769.801
10251 414.3108 4769.803
10252 414.279 4769.827
10253 414.2463 4769.842
10254 414.1759 4769.851
10255 414.1379 4769.827
10256 414.1402 4769.819
10257 414.1328 4769.764
10258 414.092 4769.743
10260 414.2094 4769.835
10263 414.0929 4769.742
10265 414.0884 4769.743
10274 414.0595 4768.835
10283 414.1145 4768.846
10285 414.1886 4768.867
10287 420.5466 4769.73
10291 420.6386 4769.383
10294 420.6556 4769.389
10295 420.6944 4769.401
10296 420.7201 4769.43
10297 420.754 4769.457
10298 420.8013 4769.503
10299 420.8321 4769.531
10300 420.836 4769.568
10301 420.8074 4769.585
10302 420.7775 4769.621
10303 420.7656 4769.674
10304 420.7634 4769.696
10305 420.7329 4769.704
10306 420.6918 4769.722
10307 420.6669 4769.738
10308 420.6347 4769.774
10309 420.6403 4769.819
10310 420.632 4769.852
10311 420.5928 4769.813
10312 420.5803 4769.825
10313 420.544 4769.846
10314 420.5629 4769.894
10315 420.5541 4769.949
10316 420.5425 4769.977
10317 420.571 4769.948
10318 420.5929 4770.009
10319 420.571 4770.05
10320 420.5653 4770.099
10321 420.5528 4770.141
10322 420.6148 4770.156
10323 420.6232 4770.172
10324 420.6225 4770.227
10325 420.6199 4770.273
10326 420.6411 4770.32
10328 420.6931 4770.352
10329 420.7316 4770.341
10330 420.7757 4770.361
10331 420.8113 4770.409
10332 420.7615 4770.476
10333 420.8095 4770.479
10335 420.8791 4770.452
10336 420.9252 4770.376
10338 420.9019 4770.309
10339 420.8911 4770.239
10341 420.8857 4770.168
10342 420.8938 4770.08
10344 420.8464 4770.01
10346 420.7771 4769.969
10347 420.7196 4769.911
10349 420.6388 4769.874
10351 420.5828 4769.816
10352 420.5635 4769.795
10353 420.5492 4769.74
10357 420.7212 4769.428
10362 420.8192 4769.593
10366 420.7611 4769.709
10368 420.6419 4769.818
10371 420.5425 4769.834
10374 420.5695 4770.058
10378 420.6215 4770.168
10380 420.6207 4770.251
10384 420.8972 4770.443
10395 420.5647 4769.795
10403 420.55 4769.739
10404 422.1371 4771.361
10405 422.1437 4771.33
10406 422.1116 4771.291
10407 422.0671 4771.319
10408 422.0434 4771.342
10409 421.9818 4771.366
10410 421.9441 4771.376
10411 421.9005 4771.391
10412 421.8686 4771.422
10413 421.8012 4771.435
10414 421.8762 4771.416
10416 421.8911 4771.353
10417 421.9025 4771.331
10418 421.9017 4771.277
10419 421.9 4771.248
10420 421.9035 4771.208
10421 421.946 4771.223
10422 422.0049 4771.213
10423 422.0346 4771.231
10424 422.0593 4771.247
10425 422.0833 4771.241
10426 422.1178 4771.188
10427 422.1514 4771.213
10428 422.1501 4771.217
10429 422.1897 4771.259
10430 422.1638 4771.275
10431 422.1158 4771.298
10432 422.1238 4771.319
10433 422.1516 4771.346
10434 422.3972 4771.312
10435 422.425 4771.28
10436 422.4751 4771.234
10437 422.4893 4771.168
10438 422.4912 4771.139
10439 422.4473 4771.115
10440 422.4471 4771.08
10441 422.4356 4771.039
10442 422.4055 4770.972
10443 422.3988 4770.934
10444 422.4104 4770.895
10445 422.4176 4770.844
10446 422.4071 4770.803
10447 422.4058 4770.741
10448 422.3987 4770.666
10449 422.3916 4770.67
10450 422.3479 4770.685
10451 422.3015 4770.664
10452 422.2865 4770.616
10453 422.264 4770.585
10454 422.2764 4770.526
10455 422.2772 4770.489
10456 422.2547 4770.446
10457 422.2446 4770.406
10458 422.2154 4770.338
10459 422.2129 4770.302
10460 422.2419 4770.248
10461 422.2555 4770.212
10462 422.2383 4770.186
10463 422.2749 4770.122
10464 422.3002 4770.085
10465 422.3024 4770.042
10466 422.263 4770.026
10467 422.2983 4769.993
10468 422.2901 4769.996
10469 422.3018 4770.041
10470 422.2985 4770.076
10471 422.2824 4770.119
10472 422.2479 4770.183
10473 422.2087 4770.198
10474 422.167 4770.206
10475 422.1649 4770.23
10476 422.2076 4770.25
10477 422.2149 4770.295
10478 422.2156 4770.338
10479 422.2521 4770.407
10480 422.2707 4770.458
10481 422.2549 4770.518
10482 422.2433 4770.549
10483 422.2158 4770.607
10484 422.2056 4770.664
10486 422.249 4770.711
10487 422.274 4770.746
10488 422.3464 4770.765
10489 422.3993 4770.814
10491 422.4409 4770.888
10493 422.4495 4770.969
10494 422.46 4771.044
10496 422.4884 4771.115
10497 422.4989 4771.139
10498 422.5428 4771.174
10499 422.5679 4771.241
10500 422.487 4771.228
10502 422.4313 4771.275
10504 432.5307 4769.725
10505 432.4943 4769.708
10506 432.4586 4769.708
10507 432.4449 4769.755
10508 432.4911 4769.799
10509 432.4999 4769.827
10510 432.5225 4769.911
10511 432.561 4769.939
10512 432.5847 4769.976
10513 432.5935 4770.01
10514 432.5784 4770.014
10515 432.5126 4770.034
10516 432.4509 4770.049
10517 432.4255 4770.062
10518 432.4188 4770.111
10519 432.3662 4770.138
10520 432.3234 4770.138
10521 432.2756 4770.151
10522 432.293 4770.152
10523 432.337 4770.137
10524 432.386 4770.119
10525 432.4215 4770.071
10526 432.4699 4770.041
10527 432.5277 4770.041
10528 432.5812 4770.015
10529 432.5929 4769.983
10530 432.5632 4769.955
10531 432.5903 4769.9
10532 432.6104 4769.89
10533 432.648 4769.865
10534 432.6762 4769.849
10535 432.7088 4769.829
10536 432.7156 4769.786
10537 432.6577 4769.752
10538 432.6194 4769.714
10540 433.2731 4770.05
10543 433.5788 4770.215
10548 433.6863 4770.32
10551 433.666 4770.39
10552 433.759 4770.429
10554 433.7336 4770.332
10556 433.7376 4770.289
10557 433.7014 4770.266
10558 433.6396 4770.286
10559 433.5982 4770.246
10560 433.5583 4770.186
10562 433.5255 4770.122
10563 433.4635 4770.088
10565 433.3971 4770.063
10566 433.3317 4770.044
10568 434.5307 4769.986
10569 434.5805 4770.004
10570 434.6293 4770.04
10571 434.6648 4770.086
10572 434.7013 4770.045
10573 434.7332 4770.033
10574 434.7666 4770.046
10575 434.8185 4770.09
10576 434.8556 4770.146
10577 434.8954 4770.176
10578 434.8954 4770.216
10579 434.8902 4770.224
10580 434.8672 4770.25
10581 434.8405 4770.231
10582 434.8307 4770.251
10583 434.8185 4770.264
10584 434.8217 4770.322
10585 434.8448 4770.299
10586 434.8611 4770.303
10587 434.8626 4770.331
10588 434.8625 4770.3
10589 434.8706 4770.277
10590 434.8867 4770.217
10591 434.8839 4770.18
10592 434.865 4770.151
10593 434.8325 4770.104
10595 434.7922 4770.06
10596 434.7419 4770.022
10597 434.7122 4769.986
10598 434.6842 4769.958
10599 434.6415 4769.937
10600 434.5509 4769.93
10601 434.5527 4769.95
10602 434.6025 4769.967
10603 434.6357 4769.988
10604 434.6754 4770.014
10605 434.6994 4770.02
10606 444.6823 4771.04
10607 444.6378 4771.049
10608 444.6014 4771.067
10609 444.5652 4771.082
10610 444.518 4771.051
10611 444.5069 4771.022
10612 444.5076 4770.975
10613 444.5158 4770.912
10614 444.5081 4770.888
10615 444.5214 4770.802
10616 444.5136 4770.762
10617 444.5044 4770.719
10618 444.5286 4770.678
10619 444.5604 4770.639
10620 444.5157 4770.612
10621 444.5181 4770.567
10622 444.5294 4770.519
10623 444.5279 4770.468
10624 444.5348 4770.429
10625 444.5224 4770.391
10626 444.514 4770.33
10627 444.5655 4770.327
10629 445.0993 4770.062
10632 445.425 4770.155
10639 445.572 4770.409
10645 445.7661 4770.659
10650 445.5469 4770.757
10654 445.6207 4770.829
10656 445.6755 4770.887
10657 445.7209 4770.907
10658 445.7277 4770.86
10659 445.6738 4770.806
10661 445.615 4770.797
10662 445.5586 4770.797
10663 445.5227 4770.741
10664 445.5147 4770.679
10665 445.4866 4770.658
10666 445.4253 4770.664
10668 445.3693 4770.712
10669 445.3018 4770.712
10670 445.2381 4770.71
10671 445.2283 4770.709
10672 445.1558 4770.708
10673 445.0849 4770.711
10675 445.0196 4770.695
10676 446.6001 4771.171
10677 446.5291 4771.186
10678 446.4794 4771.172
10679 446.4744 4771.162
10680 446.42 4771.108
10681 446.3646 4771.058
10683 446.3104 4771.006
10684 446.2733 4770.952
10685 446.2642 4770.891
10687 446.2989 4770.833
10688 446.3224 4770.768
10689 446.3102 4770.71
10690 446.2669 4770.654
10692 446.219 4770.59
10693 446.1636 4770.566
10695 446.1299 4770.504
10696 446.1247 4770.442
10697 446.1463 4770.382
10699 446.0941 4770.328
10700 433.3012 4758.758
10702 433.0795 4758.82
10706 432.9463 4758.788
10708 432.8502 4758.802
10710 432.8336 4758.9
10714 433.0274 4759.034
10717 432.9844 4759.118
10719 432.9292 4759.2
10722 433.1663 4759.27
10725 433.2153 4759.284
10731 433.3003 4758.76
10736 433.3003 4758.76
10737 433.2522 4758.758
10738 433.1809 4758.757
10739 433.1498 4758.763
10740 433.1099 4758.788
10741 433.0795 4758.82
10742 433.033 4758.806
10743 432.9808 4758.816
10744 432.9466 4758.789
10745 432.8945 4758.772
10746 432.8646 4758.775
10747 432.8394 4758.815
10748 432.8202 4758.853
10749 432.818 4758.884
10750 432.8473 4758.938
10751 432.8713 4758.973
10752 432.9269 4758.993
10753 432.9516 4759.003
10754 433.0068 4759.02
10755 433.0261 4759.062
10756 432.9745 4759.085
10757 432.983 4759.118
10758 432.9729 4759.121
10759 433.0092 4759.132
10760 433.0162 4759.176
10761 433.0202 4759.179
10762 432.9654 4759.19
10763 432.9276 4759.201
10764 432.9592 4759.219
10765 433.0211 4759.22
10766 433.0545 4759.233
10767 433.0952 4759.255
10768 433.1486 4759.261
10769 433.2005 4759.281
10770 433.2274 4759.29
10771 433.2929 4759.329
10777 433.3153 4758.771
10784 433.9432 4758.044
10785 433.9854 4758.058
10786 433.9918 4758.087
10787 433.9564 4758.12
10788 433.9111 4758.16
10789 433.8881 4758.2
10790 433.924 4758.221
10791 433.9244 4758.198
10792 433.9284 4758.186
10793 433.9392 4758.162
10794 433.9162 4758.128
10795 433.8751 4758.163
10796 433.8505 4758.191
10797 433.8089 4758.206
10798 433.8605 4758.19
10799 433.8591 4758.142
10800 433.8562 4758.114
10801 433.9199 4758.125
10802 433.9425 4758.145
10803 433.9894 4758.163
10804 434.0216 4758.204
10805 434.0466 4758.199
10806 434.0743 4758.221
10807 434.086 4758.18
10808 434.0755 4758.24
10809 434.0353 4758.278
10810 433.9826 4758.296
10811 433.9488 4758.336
10812 433.9483 4758.344
10813 433.9746 4758.399
10814 433.998 4758.449
10815 434.0005 4758.471
10816 434.0256 4758.509
10817 434.0715 4758.519
10818 434.1025 4758.555
10819 434.1349 4758.552
10820 434.1858 4758.605
10821 434.1895 4758.632
10822 434.2031 4758.683
10823 434.1956 4758.733
10824 434.156 4758.726
10825 434.1021 4758.701
10826 434.0623 4758.666
10827 434.0033 4758.689
10828 433.9707 4758.698
10829 433.9417 4758.696
10830 433.886 4758.717
10831 433.8256 4758.707
10833 434.6654 4759.076
10834 434.6136 4759.055
10835 434.6169 4759.107
10836 434.6037 4759.165
10837 434.588 4759.204
10838 434.5716 4759.228
10839 434.5687 4759.276
10840 434.6278 4759.313
10841 434.6317 4759.304
10842 434.6968 4759.3
10843 434.7571 4759.315
10844 434.7802 4759.294
10845 434.8434 4759.263
10846 434.8604 4759.299
10847 434.8879 4759.32
10848 434.9439 4759.359
10849 434.9442 4759.402
10850 434.9689 4759.435
10851 434.9881 4759.477
10852 434.991 4759.523
10853 435.0341 4759.557
10854 435.0502 4759.522
10855 435.0647 4759.478
10856 435.0285 4759.418
10857 435.0239 4759.386
10858 435.0278 4759.347
10859 435.036 4759.278
10860 434.9867 4759.278
10861 434.9515 4759.258
10862 434.9067 4759.232
10863 434.8768 4759.219
10864 434.841 4759.167
10865 434.7836 4759.169
10866 434.7793 4759.126
10867 434.7365 4759.116
10868 434.7116 4759.124
10869 435.0636 4822.483
10870 435.1078 4822.398
10872 435.0982 4822.298
10873 435.0825 4822.279
10875 435.1279 4822.145
10877 435.1589 4822.127
10878 435.1438 4821.991
10880 435.1475 4822.015
10882 435.1978 4821.837
10884 435.182 4821.824
10891 435.1227 4822.496
