#TrapID X Y
1 403.0067001 4833.579191
2 402.9363494 4833.277948
3 402.8574227 4832.980939
4 402.9620433 4832.757696
5 403.1837771 4832.649177
6 403.2081288 4832.53674
7 404.0451732 4833.310394
8 404.0330955 4833.604498
9 404.0258264 4833.823218
10 404.0489231 4833.380657
11 404.0014791 4833.16039
12 404.0134783 4833.1871
13 405.2020727 4831.953902
14 405.3199021 4832.253051
15 405.4370285 4832.406024
16 405.422936 4832.64772
17 405.4006269 4832.650368
18 405.6531623 4832.915739
19 405.6169742 4833.141195
21 422.9391619 4834.263074
22 422.7050765 4834.384182
23 422.6332319 4834.440773
24 422.8673256 4834.334658
25 422.8976376 4834.27777
26 423.2863813 4833.063459
27 423.4850202 4833.21647
28 423.7842253 4833.227608
29 424.0319513 4833.215795
30 424.3420084 4833.195288
31 424.6013583 4833.334539
32 424.4691459 4833.218622
33 424.1658664 4833.246377
34 423.8948598 4833.203912
35 423.6469786 4833.216287
36 423.3813855 4833.097582
37 423.3249175 4833.061796
38 423.9070257 4834.500809
39 424.1962577 4834.398446
40 424.4041061 4834.372658
41 424.6424142 4834.559466
42 424.6507517 4834.56226
43 424.379048 4834.346061
44 424.1767193 4834.403555
45 424.0903642 4834.433192
46 421.1078199 4830.110365
47 421.0380683 4829.922911
48 420.9483388 4829.773016
49 420.9676648 4829.837879
50 421.0421969 4829.951409
51 420.9639636 4829.441935
52 420.7156667 4829.485411
53 420.4481972 4829.565556
54 420.2157734 4829.633411
55 419.9635154 4829.756493
56 419.9495418 4829.762213
57 420.1889046 4829.640617
58 420.4789335 4829.516984
59 420.7425813 4829.481982
60 420.860436 4829.415943
61 420.8572386 4829.056315
62 420.6227644 4828.925573
63 420.3726304 4828.788695
64 420.3982662 4828.806496
65 420.6650419 4828.937958
66 420.7092198 4828.988197
67 431.5021009 4830.29383
68 431.5760481 4830.534324
69 431.4042697 4830.432228
70 431.50281 4830.292156
71 431.2579035 4830.235796
72 431.1421583 4830.146016
73 431.5010148 4830.408579
74 431.1432811 4830.145338
75 431.0135188 4830.073809
76 430.8175182 4830.073942
77 431.0629679 4830.135057
78 431.3432176 4830.261801
79 431.1432811 4830.145338
80 430.7756379 4830.08948
81 431.1485859 4830.15117
83 431.4388411 4830.207174
84 431.6029276 4830.187614
85 431.6711391 4830.332756
86 431.3991777 4830.273779
87 431.6731304 4830.187786
88 431.4674848 4830.112358
89 431.2690652 4829.939451
90 431.4080198 4829.781748
91 431.5699377 4829.564612
92 431.5697276 4829.559838
93 431.445203 4829.795807
94 431.4148274 4829.926517
95 432.6803387 4830.246789
96 432.5130265 4830.306674
97 432.5794076 4830.23192
98 442.2190173 4829.121909
99 442.3731131 4829.173451
100 442.1281839 4829.182003
101 442.0514558 4829.277297
102 442.2278162 4829.140937
103 442.1000161 4829.19091
104 442.0898102 4829.205215
105 443.1790627 4829.355164
106 443.3548159 4829.526499
107 443.5164587 4829.556567
108 443.4853002 4829.593594
109 443.3625415 4829.533542
110 443.1360336 4829.429168
111 443.0323118 4829.226571
112 443.0991242 4829.178355
113 444.7002678 4829.188166
114 444.4890584 4829.312198
115 444.5310657 4829.541873
116 444.5427298 4829.771465
117 444.4909648 4829.522879
118 444.5004593 4829.295443
119 444.7251634 4829.183295
120 444.6370009 4829.198018
121 444.5229276 4829.436092
122 444.5133765 4829.539798
123 444.5014863 4829.370739
124 444.6630344 4829.203912
125 407.2061343 4826.14865
126 407.2931128 4826.172775
127 407.2594032 4826.251886
128 408.1587371 4825.09793
129 408.1556784 4825.128186
130 408.0202817 4825.184248
131 408.0975185 4825.221735
132 416.8794283 4826.233989
133 416.6958395 4826.099418
134 416.5577179 4825.926964
135 416.5329531 4825.864069
136 416.5811632 4825.597994
137 416.4965025 4825.28392
138 416.5273704 4825.486697
139 416.5143682 4825.759221
140 416.5385786 4825.978743
141 416.7304217 4826.166302
142 416.8008831 4826.189976
143 415.3675217 4825.99419
144 415.1597486 4826.127665
145 414.9938791 4826.247507
146 414.9957057 4826.391664
147 414.9065348 4826.191965
148 414.7159 4826.05276
149 414.9621524 4826.17793
150 415.2407476 4826.147635
151 415.3009856 4826.128546
152 416.521846 4825.419119
153 416.4132642 4825.318057
154 416.1485775 4825.223611
155 415.9004903 4825.120414
156 416.0374188 4825.162575
157 416.0788273 4825.206155
158 416.241154 4825.245337
159 426.6010125 4822.129717
160 426.5397811 4821.886582
161 426.7334333 4821.730298
162 426.6843537 4821.519572
163 426.5134437 4821.266194
164 426.5563994 4821.122996
165 426.6963739 4820.888326
166 426.5406792 4821.08196
167 426.5203709 4821.293776
168 426.6577939 4821.499425
169 426.7232281 4821.735407
170 426.6069813 4821.914393
171 426.5987306 4822.068763
172 427.8292514 4822.768405
173 427.8588592 4822.509065
174 427.7274417 4822.278114
175 427.7019989 4822.045913
176 427.5101189 4821.880928
177 427.5182282 4821.831302
178 427.7118888 4822.011485
179 427.8207079 4822.26656
180 427.9308082 4822.461087
181 427.9205626 4822.71833
182 427.8958131 4822.78324
183 428.699314 4821.418026
184 428.7065375 4821.116499
185 428.5489004 4820.972669
186 428.5017054 4820.622739
187 428.5239374 4820.93517
188 428.6829909 4821.151404
189 428.6742383 4821.438174
190 428.6682523 4821.429907
191 428.6895585 4821.153555
192 428.532413 4820.92675
193 428.5016896 4820.727591
194 428.5173146 4820.684773
195 428.5367631 4820.978685
196 428.683672 4821.147065
197 428.7011144 4821.260284
198 436.0149468 4821.565846
199 436.1355499 4821.487172
200 436.1713556 4821.259028
201 436.3817522 4821.020344
202 436.5518065 4820.923217
203 436.4392768 4820.977149
204 436.3612365 4821.029646
205 436.0467695 4821.615746
207 436.7099368 4822.192914
208 436.6453039 4822.0468
209 436.7039043 4821.93851
210 436.8225543 4821.849649
211 436.9368643 4821.952202
212 436.8596865 4822.147188
213 436.8257303 4822.170165
214 411.3256863 4817.011539
215 411.1232415 4817.166388
216 411.2271383 4817.319304
217 411.2883984 4817.243629
218 411.1940631 4817.184114
219 411.2286728 4817.098571
220 411.2979737 4817.025456
221 412.0546909 4816.701393
222 412.2673158 4816.543219
223 412.2996668 4816.574677
224 412.3751688 4816.591466
225 412.1526872 4816.626468
226 412.0889127 4816.659403
227 413.4408432 4816.376845
228 413.7136167 4816.390781
229 413.4945169 4816.356383
230 413.4354221 4816.332595
231 418.8315785 4816.729863
232 418.8281071 4817.031918
233 418.8766512 4817.349674
234 418.8148286 4817.646768
235 418.8245583 4817.501698
236 418.7240933 4817.658083
237 418.85265 4817.370734
238 418.7863016 4817.105288
239 418.7780794 4816.826033
240 418.8018928 4816.755768
241 420.6748332 4816.608579
242 420.7530915 4816.840913
243 420.7673467 4816.891062
244 420.7163796 4816.703392
245 420.5130453 4816.657362
246 420.6344641 4816.48343
247 420.630045 4816.485815
248 421.5541103 4817.69224
249 421.3748127 4817.555379
250 421.4091638 4817.423133
251 421.2294499 4817.272286
252 421.1882146 4817.354963
253 421.3708565 4817.362157
254 421.4793223 4817.567043
255 421.5688024 4817.5309
256 421.56894 4817.521901
257 443.1782577 4817.511363
258 443.0749431 4817.558884
259 443.0021898 4817.473201
260 442.9407755 4817.752388
261 443.150172 4817.660318
262 443.2401684 4817.634457
263 443.4574933 4819.512875
264 443.4612038 4819.704212
265 443.5665669 4819.817725
266 443.7468792 4819.714143
267 443.7858982 4819.441926
269 444.7337449 4819.092871
270 444.5668989 4818.882885
271 444.3784126 4818.754827
272 444.4416908 4818.607252
273 444.6431236 4818.471644
274 444.7172089 4818.280778
275 444.663756 4818.474251
276 444.4745284 4818.619753
277 444.4673865 4818.821731
278 444.4339458 4819.127329
279 444.5126733 4819.177436
280 446.8525584 4813.50975
281 446.8208828 4813.646943
282 446.7984536 4813.756519
283 446.8693332 4813.872577
284 446.8072911 4813.667042
285 446.6058525 4813.437954
286 446.797761 4813.382124
287 447.0592876 4813.250451
288 447.076552 4813.234322
289 447.778093 4815.339299
290 447.7734709 4815.452287
291 447.6321744 4815.645972
292 447.6277849 4815.643007
293 447.6916781 4815.384618
294 447.7157745 4815.332452
295 448.4991899 4814.624928
296 448.6164409 4814.52774
297 448.494105 4814.435935
298 448.7824628 4814.451839
299 449.0177768 4814.373086
300 449.0800042 4814.120943
301 449.0136735 4814.183641
302 399.5014051 4811.800539
303 399.6506805 4812.086243
304 399.6389394 4812.275926
305 399.6992143 4812.54696
306 399.6560544 4812.398196
307 399.703866 4812.136438
308 399.5580164 4811.92833
309 399.5013702 4811.830755
310 400.6419332 4812.15931
311 400.6228996 4812.448961
312 400.7830334 4812.333297
313 400.976923 4812.350217
314 401.0401988 4812.64199
315 401.0330914 4812.725518
316 401.4855053 4812.588477
317 401.7009826 4812.78239
318 401.7196336 4813.073598
319 401.7336516 4813.352321
320 401.7031891 4813.621141
321 401.5679448 4813.88316
322 401.6272754 4813.663683
323 401.7056361 4813.350841
324 401.71619 4813.037213
325 401.696711 4812.772454
326 401.5729856 4812.650071
327 407.7595807 4813.441726
328 407.7510802 4813.240456
329 407.8181885 4813.107241
330 407.9280466 4813.254252
331 407.9828677 4813.263722
332 408.800453 4812.705207
333 408.7171856 4812.585036
334 408.6165787 4812.56474
335 408.5550087 4812.648551
336 408.562126 4812.719878
337 409.8989609 4812.824831
338 409.6288136 4812.487661
339 409.3019541 4812.189364
340 409.5074204 4812.365438
341 409.5945564 4812.545659
342 409.8371436 4812.758122
343 410.1277022 4812.84388
345 415.9989298 4813.111895
346 415.8932984 4813.075226
347 415.5904608 4812.977046
348 415.5250869 4813.09294
349 415.6115216 4813.075973
350 415.6856932 4813.165126
351 415.4929103 4813.120557
352 415.5827968 4813.088551
353 415.4864653 4813.032444
354 415.7681408 4813.029915
355 415.8720649 4813.091708
356 416.5256612 4812.63972
357 416.320679 4812.68847
358 416.414728 4812.769498
359 416.3874992 4812.994097
360 416.2370938 4813.156359
361 416.3418859 4813.067085
362 416.5057968 4812.793028
363 416.2580144 4812.743676
364 416.4684359 4812.605218
365 416.7375257 4812.636987
366 416.8751737 4812.573307
367 417.2550924 4812.439228
368 417.4334458 4812.474473
369 417.3444289 4812.433578
370 417.4488606 4812.616571
371 417.5905997 4812.675149
372 417.422271 4812.612343
373 417.3660821 4812.60259
374 408.1633198 4804.453739
375 408.3014203 4804.649026
376 408.160833 4804.830882
377 407.9709295 4804.751713
378 408.2627969 4804.841159
379 408.3202248 4804.745297
380 408.3109549 4804.64723
381 408.7402849 4806.144739
382 408.7650304 4806.022108
383 408.6415005 4805.805289
384 408.7148264 4805.573589
385 408.9152886 4805.639306
386 408.7599806 4805.660397
387 408.6463572 4805.894863
388 408.7709613 4806.035468
389 408.8043342 4806.071784
390 409.9040825 4805.924615
391 410.0619994 4805.649704
392 409.9690396 4805.317268
393 410.1721768 4805.438413
394 410.0177663 4805.563876
395 409.9417657 4805.823032
396 409.8735107 4805.98245
397 419.6156689 4806.89452
398 419.5961084 4806.666387
399 419.6065941 4806.513315
400 419.5794079 4806.256949
401 419.6829529 4806.342686
402 419.7363466 4806.392589
403 419.6521792 4806.226981
404 419.5761633 4806.440036
405 419.5609525 4806.63826
406 419.5432933 4806.902713
408 420.9543984 4806.628685
409 421.1196691 4806.364843
410 421.0349936 4806.180564
411 420.9823073 4806.121202
412 421.0190872 4806.039244
413 420.9530598 4806.030243
414 420.9519939 4806.264285
415 421.0246681 4806.204788
416 421.6123559 4806.789953
417 421.6784994 4806.544493
418 421.5063864 4806.325792
419 421.679646 4806.105856
420 421.7398859 4805.874239
421 421.8431253 4805.893591
422 421.6587643 4806.120871
423 421.4990822 4806.345314
424 421.6953773 4806.610274
425 421.6949783 4806.680587
426 431.4172486 4805.242984
427 431.4783397 4805.365094
428 431.0593588 4805.695899
429 431.1159462 4805.669998
430 431.0810748 4805.705007
431 430.9793526 4805.839218
432 430.9017707 4805.997506
433 430.7903287 4805.75152
434 430.8714895 4805.792451
435 432.4597996 4805.506369
436 432.37665 4806.042438
437 432.374892 4806.044788
438 432.3776304 4806.487922
440 432.5936141 4806.887495
441 432.8428182 4807.137468
442 432.8479417 4806.871187
444 433.1912357 4805.265184
445 433.0685495 4805.511637
446 432.9797492 4805.687227
447 433.0608568 4805.80582
448 433.2791026 4805.64972
449 433.3870924 4805.390755
450 433.4115817 4805.303548
451 443.31905 4805.88717
452 443.2209023 4805.790702
453 443.4681688 4805.891584
454 443.2493299 4806.051242
455 443.1155452 4806.194087
456 442.9709787 4806.11434
457 443.0529451 4806.049342
458 443.7997852 4805.503533
459 443.8629505 4805.435147
460 443.850367 4805.509332
461 445.3745148 4806.326255
462 445.2125309 4806.541033
463 445.2725394 4806.532216
464 445.3817106 4806.364958
465 445.5363201 4806.248646
466 445.5831612 4806.203177
467 408.3029448 4794.456165
468 408.0987158 4794.568008
469 408.0358478 4794.401136
470 408.0328756 4794.247892
471 408.2056229 4794.225112
472 408.3953995 4794.261642
473 408.5124075 4794.419011
474 408.5004072 4794.40751
475 408.9269838 4794.388878
476 408.8843475 4794.307256
477 409.1378028 4794.216547
478 409.3523375 4794.090714
479 409.3024265 4793.810806
480 409.1054419 4793.715254
481 409.0207523 4793.680402
482 409.2785643 4793.779913
483 409.4585078 4793.881695
484 409.4911789 4794.074085
485 409.2121732 4794.178118
486 409.1546515 4794.19033
487 410.1918815 4794.810964
488 410.104535 4794.617186
489 410.1662032 4794.471193
490 410.1522529 4794.196135
491 410.1042916 4794.397039
492 410.0879329 4794.674388
493 410.1207292 4794.743263
494 431.6079387 4794.946342
495 431.6050886 4794.808649
496 431.5800634 4794.740262
497 431.4447 4794.638006
498 431.4426707 4794.886371
499 431.4341322 4794.924331
500 432.5501021 4793.319112
501 432.5241095 4793.17754
502 432.4498637 4793.136074
503 432.4764767 4793.23388
504 432.4749364 4793.234006
505 433.0275948 4794.388937
506 433.1088964 4794.341597
507 433.6161703 4794.410689
508 433.4033745 4794.367463
509 433.1056672 4794.359622
510 432.8529121 4794.303923
511 433.0308447 4794.38946
512 433.2812114 4794.384325
513 433.4868585 4794.352093
514 433.508418 4794.408081
515 433.2458529 4794.393558
516 433.2153102 4794.372868
517 443.6716916 4795.679041
518 443.6758428 4795.339489
519 443.6776239 4795.144004
520 443.6942894 4795.138868
521 443.704543 4795.27961
522 444.7024952 4795.730299
523 444.5439338 4795.600208
524 444.6105603 4795.4665
525 444.6696425 4795.739341
526 444.8595541 4795.935594
527 444.8601374 4795.947473
528 445.7615786 4795.568358
529 445.680098 4795.59189
530 445.6081672 4795.542156
531 445.6687969 4795.406396
532 445.7072134 4795.413196
533 445.7176854 4795.444765
534 455.3785305 4796.085905
535 455.3228999 4795.827614
536 455.3038813 4795.550868
537 455.3912293 4795.440676
538 455.4609637 4795.30317
539 455.3456655 4796.057912
541 455.3141422 4795.766255
542 455.3244039 4795.477766
543 455.5369901 4795.320662
544 455.6820608 4795.577813
545 455.8521868 4795.786383
546 455.7538371 4796.050124
547 455.8254773 4796.328971
548 455.8548805 4796.386197
549 455.6836762 4795.576803
551 455.7830012 4796.132562
554 456.3925388 4796.102511
555 456.2788707 4795.993073
556 456.4380634 4795.74183
557 456.5639726 4795.521568
558 456.595051 4795.258492
559 456.6175892 4795.409166
560 456.5686364 4795.641816
561 456.3718013 4795.828994
562 456.2853595 4796.068662
563 456.3079107 4796.094949
564 457.2788723 4796.268892
565 457.3666486 4796.068655
566 457.2738918 4795.890767
567 457.2623092 4795.764455
568 457.3466321 4795.56857
569 457.1861745 4795.317701
570 457.2634158 4795.425718
571 457.3009269 4795.612616
572 457.101273 4795.703724
573 457.2399066 4795.915415
574 457.3642671 4796.128308
575 457.3737705 4796.182334
576 415.7808072 4790.486794
578 415.9784718 4790.834663
579 415.9903259 4791.044664
580 415.8707546 4790.768799
581 415.742184 4790.527259
583 417.0992701 4789.054845
584 417.0623787 4789.311425
585 417.3608122 4789.363875
586 417.1009565 4789.332501
587 417.0660456 4789.325819
588 417.0288509 4789.15889
589 416.9251114 4788.981446
590 417.0974856 4789.054977
591 417.0623787 4789.311425
592 417.2326383 4789.312234
593 417.3737838 4789.369049
594 417.0927535 4789.325604
595 417.0671103 4789.432878
596 416.9224743 4788.978257
597 416.9377068 4788.988955
598 417.262238 4789.016425
599 417.534897 4788.971344
600 417.343667 4789.00266
601 417.1981306 4788.985885
602 417.6594171 4788.982495
603 417.9655342 4789.226586
604 418.208602 4789.58963
605 418.2925097 4789.61361
606 418.1894646 4789.577976
607 417.9907701 4789.339684
608 417.7540393 4789.085865
609 417.7190198 4789.009984
610 409.0086389 4774.830825
611 408.9502697 4774.615236
612 408.9009264 4774.411634
613 408.9094939 4774.413408
614 409.1210378 4774.552646
615 409.1977561 4774.796204
616 409.2166378 4774.912689
617 409.9328636 4774.696263
618 409.9230418 4774.414716
619 409.8824226 4774.185668
620 409.6405258 4774.101234
621 409.4430696 4773.889374
622 409.478032 4773.684872
623 409.4126029 4773.831799
624 409.5952735 4774.069845
625 409.8904827 4774.173677
626 410.0675796 4774.139129
627 410.2920625 4774.050869
628 410.2009725 4774.320194
629 410.0284556 4774.479523
630 410.0302252 4774.558138
631 410.6317221 4773.635558
632 410.8305198 4773.448246
633 410.8490958 4773.151
634 410.6136834 4773.109763
635 410.7118873 4772.914992
636 410.6121998 4772.704597
637 410.6994128 4772.950587
638 410.7453383 4773.139028
639 410.8568258 4773.34394
640 410.6943353 4773.600862
642 412.694648 4786.447218
643 412.4533019 4786.5835
644 412.3504391 4786.719224
645 412.4152629 4786.814466
646 412.292756 4787.000982
647 412.2871483 4787.095022
648 412.3968761 4786.604221
649 412.3347854 4786.783848
650 412.2545447 4787.048238
651 412.3504712 4786.879057
652 412.3332971 4786.643361
653 412.6218008 4786.485919
654 412.829354 4786.310869
655 412.870557 4786.274575
656 412.2880209 4787.087125
659 412.6219475 4786.484696
662 413.3994926 4786.885816
663 413.462194 4787.000643
664 413.2974473 4786.832137
665 413.2389832 4786.839548
666 414.2216436 4784.954291
667 414.1357521 4785.184182
668 414.341491 4785.47126
669 414.2334011 4785.744193
670 414.0835532 4785.900254
671 414.2841327 4785.670357
672 414.4287959 4785.463052
673 414.5390899 4785.196425
674 414.5708629 4784.880473
676 420.1416206 4781.534879
677 420.3665631 4781.67752
678 420.6344892 4781.778237
679 420.7007534 4781.898862
680 420.6616329 4781.694398
681 420.4255271 4781.625183
682 420.2927186 4781.618186
683 421.2557539 4781.363399
684 421.4108418 4781.50455
685 421.3934376 4781.799081
686 421.3860539 4782.067395
687 421.4113017 4782.212713
688 421.2719607 4782.005295
689 421.1872792 4781.753152
690 421.0998571 4781.566571
691 421.0448674 4781.352515
693 421.4121104 4782.21237
695 421.8858897 4782.889424
696 421.855457 4783.055598
697 421.77973 4782.964393
698 421.8885204 4782.96281
699 421.9644708 4782.733694
700 422.1385994 4782.618409
701 422.1551224 4782.357988
702 422.304947 4782.141582
703 422.2630298 4782.384965
704 422.319484 4782.53204
705 422.5241622 4782.693419
707 421.880615 4782.918362
708 422.0003039 4782.712069
709 422.1644264 4782.581572
710 422.2128301 4782.23782
711 422.2475642 4782.375701
712 422.4818341 4782.587388
713 422.3646237 4782.691906
714 422.1055644 4782.742516
715 421.9407973 4783.014633
716 421.9223579 4783.050609
717 431.9017581 4782.347828
718 431.7486595 4782.469645
719 431.9340924 4782.355057
720 432.1607688 4782.382558
721 432.1550785 4782.317198
722 433.2675392 4783.181706
723 433.2040606 4783.270736
724 433.2534306 4783.358547
725 433.4150716 4783.220687
726 433.5217687 4783.363137
727 433.6163441 4783.354661
728 433.5370646 4783.381868
729 433.9508726 4783.38972
730 434.0328871 4783.560517
731 433.9290643 4783.78765
732 434.0540553 4783.581747
733 434.1140187 4783.330384
734 434.030484 4783.279328
735 443.835277 4781.83545
736 443.7915935 4782.036719
737 443.8460312 4781.927319
738 444.0227772 4781.748833
739 444.0249181 4781.564567
740 443.9770952 4781.609495
741 445.3138311 4782.775074
742 445.1552713 4782.700608
743 444.9782691 4782.566656
744 445.0119464 4782.460655
745 445.1583425 4782.799316
746 445.0125893 4782.459761
747 444.9219668 4782.256699
748 445.0321467 4781.963832
749 445.2162869 4781.943022
750 445.2914063 4781.936754
751 445.8766421 4782.136977
752 446.0393357 4782.209539
753 445.8754051 4782.420633
754 445.6384722 4782.666854
755 445.6124613 4782.686053
757 445.4806636 4781.986433
758 445.5813236 4781.922212
759 445.8258759 4781.976567
761 413.5115225 4769.983906
762 413.4315494 4770.03379
763 413.140916 4769.901976
764 412.958318 4769.833994
765 412.7570922 4769.799576
766 413.086278 4770.003966
767 413.1494359 4769.816456
768 413.3589461 4769.971401
769 413.39287 4770.026949
770 413.7577408 4769.346034
771 413.926185 4769.544054
772 413.6715759 4769.866591
773 413.7654105 4769.682586
774 413.8214048 4769.428976
775 413.7822708 4769.315402
776 413.8416945 4769.623756
777 413.6566847 4769.751379
778 413.6423736 4769.958925
779 414.01369 4769.716552
780 413.8494368 4769.688856
781 413.6609475 4769.760099
782 413.8639158 4769.558612
783 413.7921833 4769.262075
784 413.8074533 4768.975103
785 413.8686386 4768.951673
786 414.3966225 4769.028115
787 414.4291769 4769.254176
788 414.3316602 4769.425666
789 414.288482 4769.787181
790 414.1561719 4769.826051
791 414.2093688 4769.834823
792 414.088438 4769.742601
793 414.0595081 4768.834646
796 420.5465843 4769.729604
797 420.707207 4769.426526
798 420.7898578 4769.609603
799 420.6586545 4769.774837
800 420.562912 4769.894346
801 420.55991 4770.077196
802 420.6094139 4770.27354
803 420.8113439 4770.409139
804 420.9019371 4770.30924
805 420.8938212 4770.079539
806 420.6388064 4769.874472
807 420.5492307 4769.740124
808 420.7212344 4769.428473
809 420.7611324 4769.709229
810 420.5425125 4769.834497
811 420.6207083 4770.25064
812 420.897217 4770.442907
814 420.5646865 4769.794922
816 422.0926458 4771.298471
817 421.8011665 4771.43475
818 421.8916573 4771.254787
819 422.0757337 4771.25024
820 422.1342475 4771.206256
821 422.4776433 4771.203125
822 422.4033319 4770.967511
823 422.3986825 4770.66591
824 422.2755368 4770.510709
825 422.2428512 4770.235528
826 422.2700625 4770.015531
827 422.2478762 4770.183492
828 422.2521338 4770.40724
829 422.2056483 4770.664442
830 422.4408563 4770.88845
831 422.4988938 4771.139021
832 422.5428377 4771.17373
833 432.4448769 4769.755021
834 432.5847302 4769.975984
835 432.3661929 4770.137518
836 432.4214587 4770.070556
837 432.5728013 4769.938674
838 432.6480274 4769.86452
839 433.2731346 4770.049741
840 433.6863108 4770.319815
841 433.7336487 4770.33235
842 433.5582577 4770.18601
843 433.525475 4770.121691
844 434.6647822 4770.085816
845 434.8591328 4770.148264
846 434.8171712 4770.23829
847 434.8893172 4770.291466
848 434.7921885 4770.060276
849 434.550942 4769.929867
850 434.5626558 4769.962851
851 444.5858397 4771.062693
852 444.5069024 4770.844328
853 444.5156801 4770.612367
854 444.5294077 4770.518634
855 445.0992902 4770.062245
856 445.4250063 4770.155032
857 445.5720125 4770.408847
858 445.7661068 4770.658736
859 445.6754549 4770.887125
860 445.5585841 4770.7971
861 445.3693074 4770.71232
862 445.3018252 4770.711972
863 446.4743994 4771.162011
864 446.2733311 4770.951693
865 446.2669173 4770.653888
866 446.1635823 4770.5663
867 433.0795061 4758.820107
868 432.8501902 4758.802138
869 433.0273683 4759.03385
870 432.9291914 4759.2004
871 433.21531 4759.283565
872 433.3003093 4758.759537
873 433.1809019 4758.756924
874 432.9319728 4758.776459
875 432.863756 4758.963263
876 432.9759632 4759.105431
877 432.9445086 4759.182481
878 433.1668332 4759.270822
879 433.292886 4759.328788
880 433.3152669 4758.771497
881 433.9751016 4758.100197
882 433.9571127 4758.171448
883 433.8602597 4758.166163
884 434.0380345 4758.199211
885 433.9826195 4758.296477
886 434.0462169 4758.507099
887 434.2030897 4758.682841
888 433.941703 4758.69635
890 434.6153534 4759.124018
891 434.6967733 4759.299603
892 434.9184687 4759.333255
893 435.0505104 4759.551676
894 435.0109312 4759.272961
895 434.8767742 4759.218705
896 435.0981533 4822.298149
897 435.1589482 4822.12707
898 435.1977563 4821.837136
899 435.1820389 4821.824182
900 435.1226825 4822.495839
