#TrapID X Y
1 402.9316195 4833.608162
2 403.0067001 4833.579191
3 402.9779354 4833.45897
4 402.9657326 4833.36839
5 402.9363494 4833.277948
6 402.90807 4833.213595
7 402.8739757 4833.104337
8 402.8574227 4832.980939
9 402.8327561 4832.926643
10 402.8762853 4832.824257
11 402.9620433 4832.757696
12 403.0364081 4832.762172
13 403.147452 4832.709022
14 403.1837771 4832.649177
15 403.2081288 4832.53674
16 403.189033 4832.449147
17 403.1299662 4832.470664
18 403.0825405 4832.493789
19 404.0359116 4833.232657
20 404.0451732 4833.310394
21 404.0375821 4833.433585
22 404.0496752 4833.506284
23 404.0330955 4833.604498
24 404.0312229 4833.727052
25 404.0253573 4833.813005
26 404.0258264 4833.823218
28 404.0489231 4833.380657
30 404.0382672 4833.323824
31 404.0214173 4833.2232
32 404.0014791 4833.16039
33 404.0179866 4833.248355
34 404.0313674 4833.320812
35 405.2251082 4831.882704
36 405.2020727 4831.953902
37 405.2085785 4832.060117
38 405.2587903 4832.170491
39 405.3199021 4832.253051
40 405.3188425 4832.252288
41 405.3899985 4832.326375
42 405.4370285 4832.406024
43 405.4285694 4832.509674
44 405.4131174 4832.540885
45 405.422936 4832.64772
46 405.4078357 4832.521076
47 405.4006269 4832.650368
49 405.4487018 4832.769882
50 405.5620591 4832.828045
51 405.6531623 4832.915739
52 405.6859141 4832.967265
53 405.6818501 4833.039527
54 405.6169742 4833.141195
55 405.5833633 4833.211763
57 422.9790386 4834.196303
58 422.9391619 4834.263074
59 422.8714571 4834.301287
60 422.8036892 4834.354941
61 422.7050765 4834.384182
62 422.6391735 4834.4176
63 422.6126599 4834.461004
64 422.6332319 4834.440773
65 422.6810025 4834.366577
66 422.7927629 4834.365508
67 422.8673256 4834.334658
68 422.9560532 4834.245219
70 423.2422904 4832.981657
71 423.2863813 4833.063459
72 423.3574639 4833.093524
73 423.4261896 4833.178488
74 423.4850202 4833.21647
75 423.6164577 4833.220523
76 423.7175893 4833.198154
77 423.7842253 4833.227608
78 423.8835181 4833.227922
79 423.9684389 4833.191412
80 424.0319513 4833.215795
81 424.1713452 4833.25298
82 424.2538948 4833.242048
83 424.3420084 4833.195288
84 424.4387023 4833.208303
85 424.5000498 4833.241155
86 424.6013583 4833.334539
87 424.5842094 4833.322958
88 424.5395879 4833.278364
89 424.4691459 4833.218622
90 424.3500496 4833.185978
91 424.3090731 4833.22143
92 424.1658664 4833.246377
93 424.0968179 4833.217391
94 424.0245972 4833.193219
95 423.8948598 4833.203912
96 423.8155631 4833.231361
97 423.7214967 4833.194222
98 423.6469786 4833.216287
99 423.4893269 4833.2122
100 423.4191668 4833.163907
101 423.3813855 4833.097582
102 423.2507268 4833.042097
103 423.1849791 4833.055291
105 423.7886655 4834.488605
106 423.9070257 4834.500809
107 424.0105964 4834.460533
108 424.1083528 4834.433654
109 424.1962577 4834.398446
110 424.2508068 4834.301748
111 424.3416141 4834.309051
112 424.4041061 4834.372658
113 424.4866184 4834.44537
114 424.5461842 4834.500014
115 424.6424142 4834.559466
116 424.7404109 4834.596906
117 424.7189295 4834.57982
118 424.6507517 4834.56226
119 424.5244756 4834.477155
120 424.4733011 4834.43008
121 424.379048 4834.346061
122 424.3365282 4834.301445
123 424.2221103 4834.345615
124 424.1767193 4834.403555
125 424.0903642 4834.433192
126 424.0109831 4834.451976
127 423.8668029 4834.495269
129 421.1199882 4830.191196
130 421.1078199 4830.110365
131 421.1222436 4830.026332
132 421.0714303 4829.994274
133 421.0380683 4829.922911
134 420.9772255 4829.861648
135 420.9511564 4829.806639
136 420.9483388 4829.773016
137 420.9455565 4829.742392
138 420.9324507 4829.835407
139 420.9676648 4829.837879
140 421.0295935 4829.922789
141 421.0578737 4830.014872
142 421.0976522 4830.130922
144 421.070754 4829.436678
145 420.9639636 4829.441935
146 420.863865 4829.439784
147 420.8021815 4829.478612
148 420.7156667 4829.485411
149 420.6181508 4829.483233
150 420.525242 4829.508882
151 420.4481972 4829.565556
152 420.3771825 4829.593058
153 420.2847084 4829.634701
154 420.2157734 4829.633411
155 420.1324321 4829.689608
156 420.0416818 4829.733455
157 419.9635154 4829.756493
158 419.8540071 4829.790458
159 419.8884533 4829.78938
160 419.9495418 4829.762213
161 420.0376789 4829.729393
162 420.1381015 4829.670991
163 420.1889046 4829.640617
164 420.3012106 4829.617621
165 420.3969431 4829.578495
166 420.4789335 4829.516984
167 420.5996516 4829.495337
168 420.6764152 4829.4761
169 420.7425813 4829.481982
170 420.860436 4829.415943
171 420.8986509 4829.433153
172 421.0366165 4829.42986
174 420.9447576 4829.017849
175 420.8572386 4829.056315
176 420.7547065 4829.026314
177 420.6927064 4828.963622
178 420.6227644 4828.925573
179 420.5448399 4828.895062
180 420.4861041 4828.835666
181 420.3726304 4828.788695
182 420.3147335 4828.786495
183 420.3415049 4828.791175
184 420.3982662 4828.806496
185 420.5171325 4828.83863
186 420.5627482 4828.90107
187 420.6650419 4828.937958
188 420.7092198 4828.988197
189 420.8144269 4829.053266
190 420.9254134 4829.033739
192 431.4898062 4830.196211
193 431.5021009 4830.29383
194 431.5462277 4830.379682
195 431.5728076 4830.454051
196 431.5760481 4830.534324
197 431.5062053 4830.592684
198 431.4369292 4830.540744
199 431.4042697 4830.432228
200 431.4706723 4830.439767
201 431.5149452 4830.397885
202 431.50281 4830.292156
203 431.4252515 4830.282731
204 431.332872 4830.252244
205 431.2579035 4830.235796
206 431.1708981 4830.163048
207 431.1421583 4830.146016
209 431.5010148 4830.408579
212 431.4563604 4830.279081
214 431.1432811 4830.145338
216 431.0738281 4830.131835
217 431.0135188 4830.073809
218 430.9008573 4830.08019
219 430.809662 4830.071135
220 430.8175182 4830.073942
221 430.9072851 4830.085345
222 431.0250742 4830.083242
223 431.0629679 4830.135057
224 431.1919897 4830.173939
225 431.2381892 4830.21756
226 431.3432176 4830.261801
227 431.3971732 4830.275021
228 431.1432811 4830.145338
232 430.7756379 4830.08948
235 431.1485859 4830.15117
239 431.3991777 4830.273779
240 431.4606377 4830.271262
241 431.4388411 4830.207174
242 431.4230714 4830.101261
243 431.5453732 4830.145994
244 431.6029276 4830.187614
245 431.6195015 4830.277747
246 431.6711391 4830.332756
248 431.3991777 4830.273779
250 431.6715335 4830.331864
252 431.6531674 4830.271627
253 431.6731304 4830.187786
254 431.6338958 4830.114767
255 431.5275857 4830.126738
256 431.4674848 4830.112358
257 431.3826236 4830.0598
258 431.3272244 4829.992502
259 431.2690652 4829.939451
260 431.2893159 4829.876154
261 431.3695793 4829.865557
262 431.4080198 4829.781748
263 431.4581428 4829.703928
264 431.5233615 4829.634397
265 431.5699377 4829.564612
266 431.6086651 4829.453144
267 431.5960389 4829.489038
268 431.5697276 4829.559838
269 431.5005388 4829.651624
270 431.4651388 4829.70941
271 431.445203 4829.795807
272 431.4148274 4829.926517
273 431.3879754 4829.975664
274 431.4422752 4830.116947
276 432.6080528 4830.272062
277 432.6803387 4830.246789
278 432.6149595 4830.252777
279 432.5277574 4830.255099
280 432.5130265 4830.306674
281 432.5413493 4830.234636
282 432.6245805 4830.262677
283 432.5229149 4830.279028
284 432.5518278 4830.233531
285 442.148624 4829.194044
286 442.2190173 4829.121909
287 442.2521235 4829.133508
288 442.3138134 4829.1001
289 442.3731131 4829.173451
290 442.3016823 4829.125195
291 442.2111279 4829.142858
292 442.1281839 4829.182003
293 442.0968756 4829.210374
294 442.09185 4829.263842
295 442.0514558 4829.277297
296 442.0386768 4829.180666
297 442.0884715 4829.153024
298 442.2278162 4829.140937
299 442.3140421 4829.098543
301 442.1000161 4829.19091
302 442.0629678 4829.302077
304 442.0893467 4829.151573
305 443.223124 4829.288594
306 443.1790627 4829.355164
307 443.2242338 4829.438638
308 443.2720556 4829.482661
309 443.3548159 4829.526499
310 443.4489959 4829.51804
311 443.5056307 4829.545218
312 443.5164587 4829.556567
313 443.4402414 4829.608968
314 443.3945232 4829.651338
315 443.4853002 4829.593594
316 443.5520716 4829.550158
317 443.4242225 4829.527579
318 443.3625415 4829.533542
319 443.2770583 4829.482618
320 443.1783329 4829.392823
321 443.1360336 4829.429168
322 443.0342586 4829.33218
323 442.978474 4829.291559
324 443.0323118 4829.226571
325 443.0991242 4829.178355
326 443.1853898 4829.206723
328 444.7781866 4829.144651
329 444.7002678 4829.188166
330 444.6375658 4829.207787
331 444.5390855 4829.233592
332 444.4890584 4829.312198
333 444.4686052 4829.414883
334 444.5199322 4829.444669
335 444.5310657 4829.541873
336 444.5393707 4829.658092
337 444.5167917 4829.718367
338 444.5427298 4829.771465
339 444.5700406 4829.68816
340 444.5394482 4829.589451
341 444.4909648 4829.522879
342 444.5003039 4829.461825
343 444.4771211 4829.361611
344 444.5004593 4829.295443
345 444.5825319 4829.227568
346 444.6624705 4829.204027
347 444.7251634 4829.183295
348 444.7995387 4829.170021
349 444.6370009 4829.198018
351 444.4906639 4829.311185
352 444.5229276 4829.436092
354 444.5473904 4829.68135
355 444.5457927 4829.7028
356 444.5133765 4829.539798
358 444.5014863 4829.370739
360 444.6630344 4829.203912
363 407.1248125 4826.206539
364 407.2061343 4826.14865
365 407.2832626 4826.108594
366 407.3192177 4826.080882
367 407.2931128 4826.172775
368 407.2567751 4826.28958
369 407.1770035 4826.231809
371 408.2364117 4825.061099
372 408.1587371 4825.09793
373 408.2056039 4825.028863
374 408.146776 4824.997009
375 408.1556784 4825.128186
376 408.1125581 4825.181762
377 408.0086473 4825.119092
378 408.0202817 4825.184248
379 408.0970569 4825.223408
380 408.194687 4825.204965
381 408.2300578 4825.216589
382 416.9609042 4826.293072
383 416.8794283 4826.233989
384 416.8124202 4826.19572
385 416.7363579 4826.169671
386 416.6958395 4826.099418
387 416.6689383 4826.026885
388 416.5975236 4825.952684
389 416.5577179 4825.926964
390 416.436536 4825.980568
391 416.5057031 4825.925945
392 416.5329531 4825.864069
393 416.5115619 4825.773807
394 416.5413432 4825.655694
395 416.5811632 4825.597994
396 416.594067 4825.564177
398 416.4965025 4825.28392
399 416.4948973 4825.284717
400 416.5254841 4825.412965
401 416.5273704 4825.486697
402 416.5862228 4825.576271
403 416.5510786 4825.633358
404 416.5143682 4825.759221
405 416.5330621 4825.859847
406 416.486434 4825.954288
407 416.5385786 4825.978743
408 416.6082236 4825.994983
409 416.6921927 4826.098352
410 416.7304217 4826.166302
411 416.8008831 4826.189976
412 416.9224818 4826.254893
414 415.4330858 4826.013135
415 415.3675217 4825.99419
416 415.3497953 4826.067614
417 415.2722905 4826.145348
418 415.1597486 4826.127665
419 415.0709592 4826.104684
420 414.9981348 4826.150038
421 414.9938791 4826.247507
422 415.0025403 4826.312934
423 414.9978899 4826.423849
424 414.9957057 4826.391664
425 415.021549 4826.296476
426 414.9883358 4826.243357
427 414.9065348 4826.191965
428 414.7988547 4826.150233
429 414.7766104 4826.096309
430 414.7159 4826.05276
431 414.7977653 4826.153468
432 414.8548603 4826.185845
433 414.9621524 4826.17793
434 415.0264129 4826.13224
435 415.1652321 4826.120708
436 415.2407476 4826.147635
437 415.3009856 4826.128546
438 415.3611982 4825.998602
440 416.5284648 4825.483795
441 416.521846 4825.419119
442 416.5249938 4825.328107
443 416.4806222 4825.286228
444 416.4132642 4825.318057
445 416.3203063 4825.298
446 416.2631494 4825.254171
447 416.1485775 4825.223611
448 416.0640182 4825.184347
449 416.0023865 4825.163902
450 415.9004903 4825.120414
451 415.8486096 4825.085519
452 415.9201658 4825.124499
453 416.0374188 4825.162575
454 416.0916717 4825.193554
455 416.1467886 4825.222633
456 416.0788273 4825.206155
457 416.1831644 4825.244839
458 416.2941626 4825.267335
459 416.3256765 4825.307708
460 416.4020447 4825.305534
461 426.5138249 4822.239078
462 426.6010125 4822.129717
463 426.6178397 4822.035677
464 426.5911504 4821.966548
465 426.5397811 4821.886582
466 426.596467 4821.839422
467 426.6606055 4821.756972
468 426.7334333 4821.730298
469 426.7579468 4821.666608
470 426.710136 4821.594376
471 426.6843537 4821.519572
472 426.610693 4821.455399
473 426.5592304 4821.367214
474 426.5134437 4821.266194
475 426.4619544 4821.220107
476 426.5100349 4821.161379
477 426.5563994 4821.122996
478 426.5835334 4821.032841
479 426.6447449 4820.955422
480 426.6963739 4820.888326
481 426.6384619 4820.949826
482 426.594521 4821.010507
483 426.5406792 4821.08196
484 426.457654 4821.17417
485 426.436377 4821.216055
486 426.5203709 4821.293776
487 426.5769993 4821.351803
488 426.6101289 4821.477731
489 426.6577939 4821.499425
490 426.7218133 4821.605689
491 426.7611077 4821.652689
492 426.7232281 4821.735407
493 426.656795 4821.829767
494 426.6331532 4821.869567
495 426.6069813 4821.914393
496 426.5987306 4822.068763
497 426.5383788 4822.098191
498 426.4963976 4822.174735
499 426.4894904 4822.230125
500 427.7917628 4822.880547
501 427.8292514 4822.768405
502 427.8458554 4822.704804
503 427.8536965 4822.607531
504 427.8588592 4822.509065
505 427.8451294 4822.426686
506 427.7722087 4822.34672
507 427.7274417 4822.278114
508 427.6424172 4822.222272
509 427.6430403 4822.167617
510 427.7019989 4822.045913
511 427.6515878 4821.978591
512 427.5762971 4821.926754
513 427.5101189 4821.880928
514 427.4457725 4821.832751
515 427.4263049 4821.765762
516 427.5182282 4821.831302
517 427.5744891 4821.871459
518 427.6588368 4821.946524
519 427.7118888 4822.011485
520 427.7317122 4822.066808
521 427.7155519 4822.186718
522 427.8207079 4822.26656
523 427.8748298 4822.303632
524 427.9367269 4822.410374
525 427.9308082 4822.461087
526 427.8950412 4822.583429
527 427.9227734 4822.660882
528 427.9205626 4822.71833
529 427.8494791 4822.846605
531 428.718283 4821.576213
532 428.699314 4821.418026
533 428.699195 4821.239312
535 428.7065375 4821.116499
537 428.5489004 4820.972669
539 428.5031828 4820.754011
541 428.5017054 4820.622739
542 428.4876685 4820.716078
543 428.5155705 4820.817079
544 428.5239374 4820.93517
545 428.5519163 4821.020731
546 428.6285024 4821.08023
547 428.6829909 4821.151404
548 428.7028543 4821.226278
549 428.6942767 4821.346882
550 428.6742383 4821.438174
551 428.705021 4821.575132
552 428.699522 4821.528984
553 428.6682523 4821.429907
554 428.6975995 4821.363063
555 428.7075399 4821.256662
556 428.6895585 4821.153555
557 428.6261517 4821.071924
558 428.557418 4821.029003
559 428.532413 4820.92675
560 428.5295311 4820.822928
561 428.5212586 4820.812464
562 428.5016896 4820.727591
563 428.4906556 4820.655068
564 428.5390183 4820.590465
565 428.5173146 4820.684773
566 428.5124542 4820.81278
567 428.5331584 4820.882868
568 428.5367631 4820.978685
569 428.5994711 4821.039997
570 428.6565373 4821.110366
571 428.683672 4821.147065
572 428.708824 4821.217773
573 428.6921833 4821.332354
574 428.6799154 4821.402126
575 428.6792281 4821.481994
576 435.952746 4821.626194
577 436.0149468 4821.565846
578 436.0697584 4821.628856
579 436.1205594 4821.559065
580 436.1355499 4821.487172
581 436.1126292 4821.413307
582 436.1356142 4821.349445
583 436.1713556 4821.259028
584 436.2514288 4821.165747
585 436.3255213 4821.106178
586 436.3817522 4821.020344
587 436.4638431 4820.986024
588 436.5343509 4820.948594
589 436.5518065 4820.923217
590 436.4651043 4820.991233
591 436.4823935 4820.914098
592 436.4392768 4820.977149
593 436.3612365 4821.029646
597 436.0467695 4821.615746
601 436.1007625 4821.456848
602 436.749281 4822.261739
603 436.7099368 4822.192914
604 436.6803005 4822.15132
605 436.6562141 4822.132887
606 436.6453039 4822.0468
607 436.6640347 4822.028408
608 436.6547353 4821.976071
609 436.7039043 4821.93851
610 436.7511403 4821.867203
611 436.795322 4821.831801
612 436.8225543 4821.849649
613 436.8146958 4821.864495
614 436.8877935 4821.914344
615 436.9368643 4821.952202
616 436.9498404 4822.043602
617 436.9027719 4822.10702
618 436.8596865 4822.147188
619 436.7901923 4822.22248
621 411.5003744 4816.971139
622 411.3256863 4817.011539
623 411.2913217 4817.042205
624 411.2203631 4817.112232
625 411.1232415 4817.166388
626 411.1204622 4817.219187
627 411.2175795 4817.256671
628 411.2271383 4817.319304
629 411.153895 4817.387474
630 411.234686 4817.315317
631 411.2883984 4817.243629
632 411.2862093 4817.194117
633 411.2701431 4817.177556
634 411.1940631 4817.184114
635 411.1172203 4817.194126
636 411.1629424 4817.166419
637 411.2286728 4817.098571
638 411.2979737 4817.025456
639 411.3974532 4817.064133
641 411.9177171 4816.745061
642 412.0546909 4816.701393
643 412.1017187 4816.661679
644 412.1868443 4816.598031
645 412.2673158 4816.543219
646 412.2201241 4816.477521
647 412.2431535 4816.513432
648 412.2996668 4816.574677
649 412.3821015 4816.589821
650 412.4455311 4816.64209
651 412.3751688 4816.591466
652 412.2940516 4816.559533
653 412.2021346 4816.592389
654 412.1526872 4816.626468
655 412.0536825 4816.692298
656 411.9765761 4816.719743
658 413.3771576 4816.360781
659 413.4408432 4816.376845
660 413.5295276 4816.362376
661 413.6299011 4816.382858
662 413.7136167 4816.390781
663 413.6944446 4816.383918
664 413.6316837 4816.376837
665 413.4945169 4816.356383
666 413.4354221 4816.332595
667 413.3713 4816.339196
669 418.8716903 4816.676729
670 418.8315785 4816.729863
671 418.8169962 4816.874992
672 418.8300568 4816.952253
673 418.8281071 4817.031918
674 418.8420202 4817.206693
675 418.8862016 4817.249924
676 418.8766512 4817.349674
677 418.8631668 4817.451692
679 418.8148286 4817.646768
681 418.8016064 4817.495755
682 418.8245583 4817.501698
683 418.7515244 4817.61321
684 418.7163731 4817.668173
685 418.7240933 4817.658083
686 418.7423668 4817.591328
687 418.8191574 4817.49632
688 418.85265 4817.370734
689 418.8549936 4817.323721
690 418.7959102 4817.18459
691 418.7863016 4817.105288
692 418.7530943 4817.013496
693 418.7754683 4816.911148
694 418.7780794 4816.826033
695 418.8018928 4816.755768
696 418.8447627 4816.716819
697 420.6787284 4816.527449
698 420.6748332 4816.608579
699 420.6877494 4816.641083
700 420.7344154 4816.717508
701 420.7530915 4816.840913
702 420.7903432 4816.941997
703 420.7835179 4816.966625
704 420.7673467 4816.891062
705 420.7486694 4816.794981
706 420.7200519 4816.678801
707 420.7163796 4816.703392
708 420.637556 4816.608464
709 420.60507 4816.637504
710 420.5130453 4816.657362
711 420.5003101 4816.57865
712 420.5601133 4816.52796
713 420.6344641 4816.48343
714 420.6465261 4816.50517
715 420.6852402 4816.489941
716 421.5897996 4817.632954
717 421.5541103 4817.69224
718 421.4445687 4817.685632
719 421.3775433 4817.622992
720 421.3748127 4817.555379
721 421.4386739 4817.54086
722 421.437808 4817.480557
723 421.4091638 4817.423133
724 421.3475381 4817.345435
725 421.2693422 4817.288924
726 421.2294499 4817.272286
727 421.1565834 4817.284358
728 421.1375273 4817.376106
729 421.1882146 4817.354963
730 421.2153817 4817.299886
731 421.2841274 4817.301858
732 421.3708565 4817.362157
733 421.3953457 4817.472167
734 421.4526223 4817.516816
735 421.4793223 4817.567043
736 421.5022083 4817.505241
737 421.5617269 4817.478778
738 421.5688024 4817.5309
739 421.5508627 4817.538551
740 421.5658894 4817.551483
741 443.2338967 4817.466022
742 443.1782577 4817.511363
743 443.1981494 4817.607711
744 443.1623771 4817.621897
745 443.0749431 4817.558884
746 443.0372391 4817.516776
747 443.0205962 4817.432062
748 443.0021898 4817.473201
749 443.0098803 4817.579427
750 442.9954357 4817.65874
751 442.9407755 4817.752388
752 443.0224369 4817.735258
753 443.0615964 4817.662955
754 443.150172 4817.660318
755 443.2401684 4817.634457
756 443.2332189 4817.54855
757 443.2360188 4817.516317
758 443.5558511 4819.532818
759 443.4574933 4819.512875
760 443.4508838 4819.591788
761 443.4387183 4819.653865
762 443.4612038 4819.704212
763 443.5024889 4819.751068
764 443.5352008 4819.806771
765 443.5665669 4819.817725
766 443.5960938 4819.831028
767 443.6692094 4819.799871
768 443.7468792 4819.714143
769 443.7469047 4819.610962
770 443.7613905 4819.497442
771 443.7858982 4819.441926
772 443.8042685 4819.357917
774 444.7883852 4819.162505
775 444.7337449 4819.092871
776 444.7202901 4819.019344
777 444.6458232 4818.927216
778 444.5668989 4818.882885
779 444.5134646 4818.81302
780 444.4645054 4818.746896
781 444.3784126 4818.754827
782 444.345095 4818.733111
783 444.3703634 4818.641606
784 444.4416908 4818.607252
785 444.5246905 4818.596459
786 444.6378016 4818.561541
787 444.6431236 4818.471644
788 444.6688218 4818.392465
789 444.6547652 4818.344267
790 444.7172089 4818.280778
791 444.7076772 4818.261864
792 444.6699894 4818.387013
793 444.663756 4818.474251
794 444.6533962 4818.54131
795 444.5424177 4818.599645
796 444.4745284 4818.619753
797 444.3540032 4818.696163
798 444.3968291 4818.763227
799 444.4673865 4818.821731
800 444.4527042 4818.952244
801 444.4384701 4819.019557
802 444.4339458 4819.127329
803 444.5126733 4819.177436
804 444.5781332 4819.20644
805 444.7169886 4819.217403
806 444.7460543 4819.204058
807 446.9054772 4813.440361
808 446.8525584 4813.50975
809 446.8362956 4813.529647
810 446.8089504 4813.549411
811 446.8208828 4813.646943
812 446.8051299 4813.58798
813 446.8102131 4813.678569
814 446.7984536 4813.756519
815 446.8231486 4813.85195
816 446.8325356 4813.893526
817 446.8693332 4813.872577
818 446.8564607 4813.799265
819 446.8061898 4813.752903
820 446.8072911 4813.667042
821 446.7705188 4813.558266
822 446.6898247 4813.500707
823 446.6058525 4813.437954
824 446.6036363 4813.372665
825 446.7262888 4813.386243
826 446.797761 4813.382124
827 446.9177494 4813.386176
828 446.9559924 4813.353221
829 447.0592876 4813.250451
830 447.1057465 4813.171675
832 447.8786765 4815.337853
833 447.778093 4815.339299
834 447.8845826 4815.338251
835 447.8179921 4815.395743
836 447.7734709 4815.452287
837 447.6995326 4815.490068
838 447.6935133 4815.53754
839 447.6321744 4815.645972
840 447.5460459 4815.675519
841 447.5009258 4815.685867
842 447.6277849 4815.643007
843 447.6830143 4815.580826
844 447.6905677 4815.52268
845 447.6916781 4815.384618
846 447.7157745 4815.332452
847 447.8615843 4815.344427
849 448.4765634 4814.606109
850 448.4991899 4814.624928
851 448.5250531 4814.622842
852 448.6054991 4814.630558
853 448.6164409 4814.52774
854 448.6320979 4814.459871
855 448.534677 4814.47472
856 448.494105 4814.435935
857 448.5874314 4814.403791
858 448.6678753 4814.400289
859 448.7824628 4814.451839
860 448.8489303 4814.471659
861 448.9373426 4814.409902
862 449.0177768 4814.373086
863 449.0254965 4814.27107
864 449.0775799 4814.185379
865 449.0800042 4814.120943
866 449.0178944 4814.164284
867 449.0091357 4814.225214
868 448.9243334 4814.294161
869 448.9061635 4814.308404
870 399.4923025 4811.738246
871 399.5014051 4811.800539
872 399.5549729 4811.9196
873 399.576875 4811.993699
874 399.6506805 4812.086243
875 399.7065039 4812.10163
876 399.6306325 4812.207178
877 399.6389394 4812.275926
878 399.6635243 4812.421634
879 399.675686 4812.493879
880 399.6992143 4812.54696
881 399.6915217 4812.60095
882 399.6871563 4812.519702
883 399.6560544 4812.398196
884 399.6445098 4812.323942
885 399.6357174 4812.249758
886 399.703866 4812.136438
887 399.681692 4812.082004
888 399.5921459 4812.024686
889 399.5580164 4811.92833
890 399.5013702 4811.830755
891 399.4939948 4811.770324
892 399.4979718 4811.640853
894 400.6794106 4812.077667
895 400.6419332 4812.15931
896 400.6182998 4812.252301
897 400.6214434 4812.35023
898 400.6228996 4812.448961
899 400.6689769 4812.500713
900 400.721838 4812.436283
901 400.7830334 4812.333297
902 400.8602951 4812.33216
903 400.9113068 4812.328854
904 400.976923 4812.350217
905 401.0160518 4812.413848
906 401.0488431 4812.569438
907 401.0401988 4812.64199
908 401.0330914 4812.725518
909 401.0228449 4812.804648
910 400.9677927 4812.912652
911 400.9428661 4812.928792
912 401.3844291 4812.504755
913 401.4855053 4812.588477
914 401.5407676 4812.626992
915 401.6487685 4812.725278
916 401.7009826 4812.78239
917 401.7309222 4812.860155
918 401.7136733 4812.997815
919 401.7196336 4813.073598
920 401.7297032 4813.153763
921 401.7002061 4813.261499
922 401.7336516 4813.352321
923 401.7585749 4813.419162
924 401.745858 4813.523543
925 401.7031891 4813.621141
926 401.652552 4813.699304
927 401.617528 4813.805011
928 401.5679448 4813.88316
929 401.5420008 4813.796339
930 401.5845546 4813.7354
931 401.6272754 4813.663683
932 401.681584 4813.559916
933 401.709675 4813.450201
934 401.7056361 4813.350841
935 401.6906872 4813.274524
936 401.7285845 4813.1159
937 401.71619 4813.037213
938 401.7097995 4812.970768
939 401.7291629 4812.822746
940 401.696711 4812.772454
941 401.6389583 4812.707314
942 401.5729856 4812.650071
943 401.4986161 4812.594172
944 401.4356045 4812.551439
945 407.7633392 4813.450339
946 407.7595807 4813.441726
947 407.7945866 4813.35716
948 407.757811 4813.30068
949 407.7510802 4813.240456
950 407.7970883 4813.185286
951 407.7572245 4813.092414
952 407.8181885 4813.107241
953 407.8652774 4813.071829
954 407.9077048 4813.151115
955 407.9280466 4813.254252
956 407.9828677 4813.263722
957 407.9031571 4813.339235
958 407.8199862 4813.427792
960 408.7238757 4812.75634
961 408.800453 4812.705207
962 408.7219597 4812.68061
963 408.749798 4812.669014
964 408.7171856 4812.585036
965 408.6114464 4812.568142
966 408.5274035 4812.581945
967 408.6165787 4812.56474
968 408.7223694 4812.591409
969 408.637665 4812.633989
970 408.5550087 4812.648551
971 408.562126 4812.719878
972 408.6286025 4812.771183
973 408.6182155 4812.798761
974 409.8989609 4812.824831
976 409.6288136 4812.487661
981 409.3019541 4812.189364
984 409.5074204 4812.365438
986 409.5931289 4812.54179
987 409.5945564 4812.545659
988 409.6628955 4812.603614
989 409.7236166 4812.666781
990 409.8371436 4812.758122
991 409.8742528 4812.792282
992 409.9392198 4812.858616
993 410.1277022 4812.84388
995 410.3456736 4812.783327
998 416.1116424 4813.171582
999 415.9989298 4813.111895
1000 415.9397687 4813.090751
1001 415.9805004 4813.10024
1002 415.8932984 4813.075226
1003 415.8164341 4813.055303
1004 415.7105236 4813.009421
1005 415.5904608 4812.977046
1006 415.5351959 4812.995844
1007 415.4615044 4813.074188
1008 415.5250869 4813.09294
1009 415.5802869 4813.120683
1010 415.5588856 4813.072078
1011 415.6115216 4813.075973
1012 415.6533393 4813.113992
1013 415.7054192 4813.131668
1014 415.6856932 4813.165126
1015 415.6240643 4813.147237
1016 415.5818275 4813.088674
1017 415.4929103 4813.120557
1018 415.6802356 4813.103992
1019 415.6915 4813.176606
1020 415.5827968 4813.088551
1021 415.5585964 4813.094186
1022 415.4578587 4813.080232
1023 415.4864653 4813.032444
1024 415.5590022 4812.978106
1025 415.7022218 4812.99253
1026 415.7681408 4813.029915
1027 415.8720649 4813.091708
1028 415.9750558 4813.098309
1029 416.0379577 4813.127515
1030 416.0845942 4813.162922
1031 416.581743 4812.653798
1032 416.5256612 4812.63972
1033 416.4577132 4812.647449
1034 416.3907811 4812.671827
1035 416.320679 4812.68847
1036 416.2425622 4812.743757
1037 416.3319245 4812.740536
1038 416.414728 4812.769498
1039 416.4689688 4812.804814
1040 416.4371699 4812.908953
1041 416.3874992 4812.994097
1042 416.3550338 4813.063923
1043 416.3382908 4813.155435
1044 416.2370938 4813.156359
1045 416.2713363 4813.158044
1046 416.3471119 4813.155658
1047 416.3418859 4813.067085
1048 416.4198351 4812.946378
1049 416.4673517 4812.896249
1050 416.5057968 4812.793028
1051 416.4500687 4812.735626
1052 416.3644303 4812.719472
1053 416.2580144 4812.743676
1054 416.3167435 4812.664749
1055 416.3650928 4812.642489
1056 416.4684359 4812.605218
1057 416.6230419 4812.643623
1058 416.6903978 4812.640347
1059 416.7375257 4812.636987
1060 416.8751737 4812.573307
1061 416.9390525 4812.530755
1062 417.0436916 4812.460377
1064 417.2489671 4812.381878
1065 417.2550924 4812.439228
1066 417.321594 4812.557373
1067 417.354763 4812.471328
1068 417.4334458 4812.474473
1069 417.4784872 4812.439377
1070 417.4218413 4812.465062
1071 417.3444289 4812.433578
1072 417.331814 4812.52648
1073 417.367524 4812.608015
1074 417.4488606 4812.616571
1075 417.4948196 4812.610232
1076 417.5133027 4812.646216
1077 417.5905997 4812.675149
1078 417.6148056 4812.682962
1079 417.5215193 4812.636674
1080 417.422271 4812.612343
1081 417.3372125 4812.557626
1082 417.3116959 4812.48263
1083 417.3098285 4812.462326
1084 408.1555856 4804.397306
1085 408.1633198 4804.453739
1086 408.2264763 4804.558738
1087 408.3101898 4804.644575
1088 408.3014203 4804.649026
1089 408.2439235 4804.733892
1090 408.1745688 4804.768714
1091 408.160833 4804.830882
1092 408.0549153 4804.780116
1093 407.9506096 4804.740771
1094 407.9709295 4804.751713
1095 408.0387753 4804.77867
1096 408.1401178 4804.820611
1097 408.2627969 4804.841159
1098 408.3250621 4804.880857
1099 408.3247189 4804.819769
1100 408.3202248 4804.745297
1101 408.3452169 4804.676756
1102 408.2822732 4804.611075
1103 408.1780743 4804.502191
1105 408.8014737 4806.183789
1106 408.7402849 4806.144739
1107 408.6857223 4806.128593
1108 408.6895564 4806.052786
1109 408.7650304 4806.022108
1110 408.6730745 4805.977921
1111 408.6834103 4805.87981
1112 408.6415005 4805.805289
1113 408.645694 4805.714148
1114 408.6473682 4805.622376
1115 408.7148264 4805.573589
1116 408.8353678 4805.616947
1117 408.8859821 4805.670358
1118 408.9152886 4805.639306
1119 408.9323315 4805.677842
1120 408.8644321 4805.699974
1121 408.7599806 4805.660397
1122 408.70449 4805.707688
1123 408.6642082 4805.82542
1124 408.6463572 4805.894863
1125 408.6325428 4806.041117
1126 408.7087639 4806.035754
1127 408.7709613 4806.035468
1128 408.8233457 4806.142173
1130 409.9432097 4806.125587
1131 409.9040825 4805.924615
1134 410.0619994 4805.649704
1137 409.9690396 4805.317268
1139 410.0198401 4805.354801
1140 410.1721768 4805.438413
1142 410.0528763 4805.481655
1143 410.0177663 4805.563876
1144 410.0303665 4805.688891
1145 410.0021755 4805.737141
1146 409.9417657 4805.823032
1147 409.8764861 4805.932314
1148 409.8755619 4806.032962
1149 409.9588394 4806.089056
1151 419.6262897 4806.895615
1152 419.6156689 4806.89452
1153 419.5752795 4806.828024
1154 419.5708293 4806.746772
1155 419.5961084 4806.666387
1156 419.5887997 4806.610271
1157 419.5881382 4806.554742
1158 419.6065941 4806.513315
1159 419.5716422 4806.407212
1160 419.5614552 4806.388229
1161 419.5794079 4806.256949
1162 419.60485 4806.203664
1163 419.6355379 4806.244062
1164 419.6829529 4806.342686
1165 419.7420999 4806.406516
1166 419.7974535 4806.341991
1167 419.7363466 4806.392589
1168 419.6996732 4806.379919
1169 419.689795 4806.352823
1170 419.6521792 4806.226981
1171 419.6039143 4806.199899
1172 419.5693058 4806.272286
1173 419.5761633 4806.440036
1174 419.5751133 4806.44027
1175 419.5735944 4806.55747
1176 419.5609525 4806.63826
1177 419.4919794 4806.735049
1178 419.4565108 4806.809669
1179 419.5432933 4806.902713
1180 419.6128261 4806.920989
1182 420.963887 4806.712878
1183 420.9543984 4806.628685
1184 420.963958 4806.546046
1185 421.0176552 4806.484439
1186 421.1196691 4806.364843
1187 421.1066345 4806.288911
1188 421.1138663 4806.193971
1189 421.0349936 4806.180564
1190 420.9635583 4806.242157
1191 420.9277528 4806.192816
1192 420.9823073 4806.121202
1193 421.047866 4806.034798
1194 421.0819919 4805.954316
1195 421.0190872 4806.039244
1196 421.078749 4805.954021
1197 421.0523462 4805.98854
1198 420.9530598 4806.030243
1199 420.9247708 4806.117988
1200 420.9015175 4806.20001
1201 420.9519939 4806.264285
1202 421.0246681 4806.204788
1203 421.1084254 4806.248126
1204 421.0998313 4806.33042
1206 421.5789393 4806.847987
1207 421.6123559 4806.789953
1208 421.6623438 4806.722396
1209 421.7180538 4806.631448
1210 421.6784994 4806.544493
1211 421.6317628 4806.473727
1212 421.5329635 4806.389794
1213 421.5063864 4806.325792
1214 421.5408556 4806.27452
1215 421.625581 4806.164463
1216 421.679646 4806.105856
1217 421.7796433 4806.034388
1218 421.8067677 4805.963988
1219 421.7398859 4805.874239
1220 421.6963583 4805.884962
1221 421.7847206 4805.843508
1222 421.8431253 4805.893591
1223 421.8030338 4805.956256
1224 421.7282002 4806.095741
1225 421.6587643 4806.120871
1226 421.5819244 4806.205734
1227 421.5311791 4806.278076
1228 421.4990822 4806.345314
1229 421.5524015 4806.417891
1230 421.6633249 4806.541781
1231 421.6953773 4806.610274
1232 421.6949783 4806.680587
1233 421.5949846 4806.793265
1235 431.364999 4805.202086
1236 431.4172486 4805.242984
1237 431.352829 4805.319498
1238 431.4144677 4805.264226
1239 431.4783397 4805.365094
1240 431.4782058 4805.359875
1242 431.0593588 4805.695899
1245 431.1159462 4805.669998
1246 431.1859519 4805.649514
1247 431.1585764 4805.657235
1248 431.0810748 4805.705007
1249 431.0968803 4805.825355
1250 431.0348417 4805.848647
1251 430.9793526 4805.839218
1252 430.8855743 4805.910483
1253 430.9124782 4806.007171
1254 430.9017707 4805.997506
1255 430.8784356 4805.925106
1256 430.815764 4805.815346
1257 430.7903287 4805.75152
1258 430.8714895 4805.792451
1259 430.925871 4805.820216
1260 430.9723058 4805.807413
1261 432.4597996 4805.506369
1263 432.4298076 4805.633176
1265 432.37665 4806.042438
1267 432.374892 4806.044788
1269 432.2733481 4806.319811
1271 432.3776304 4806.487922
1275 432.5936141 4806.887495
1279 432.8497483 4807.142286
1280 432.8428182 4807.137468
1281 432.788708 4807.078141
1282 432.7965832 4806.925789
1283 432.8479417 4806.871187
1284 432.8953161 4806.814849
1285 432.9122482 4806.750594
1286 433.2118521 4805.204226
1287 433.1912357 4805.265184
1288 433.144098 4805.387714
1289 433.1134985 4805.454547
1290 433.0685495 4805.511637
1291 433.0685451 4805.511192
1292 433.0289623 4805.586667
1293 432.9797492 4805.687227
1294 432.9839399 4805.742275
1295 433.0011676 4805.829847
1296 433.0608568 4805.80582
1297 433.1409674 4805.734054
1298 433.2209225 4805.703719
1299 433.2791026 4805.64972
1300 433.3288031 4805.557043
1301 433.3801298 4805.440249
1302 433.3870924 4805.390755
1303 433.4186696 4805.274933
1304 433.3792418 4805.210681
1305 433.3173969 4805.181081
1306 443.3193394 4806.00845
1307 443.31905 4805.88717
1308 443.265694 4805.83042
1309 443.2012038 4805.807527
1310 443.2209023 4805.790702
1311 443.305409 4805.815315
1312 443.3865645 4805.836291
1313 443.4681688 4805.891584
1314 443.4171242 4805.936548
1315 443.3327543 4805.985902
1316 443.2493299 4806.051242
1317 443.2214607 4806.107453
1318 443.1423229 4806.152656
1319 443.1155452 4806.194087
1320 443.1087408 4806.270668
1321 443.0753778 4806.174434
1322 442.9709787 4806.11434
1323 442.9950335 4806.057383
1324 443.1051728 4806.07789
1325 443.2316387 4806.037064
1327 443.7690009 4805.570317
1328 443.7997852 4805.503533
1329 443.7857412 4805.411911
1330 443.7971053 4805.395601
1331 443.8629505 4805.435147
1332 443.850367 4805.509332
1333 443.7994193 4805.586057
1334 443.773147 4805.63059
1335 445.4322463 4806.336006
1336 445.3745148 4806.326255
1337 445.3257435 4806.403062
1338 445.2639467 4806.471089
1339 445.2125309 4806.541033
1340 445.1525365 4806.601383
1341 445.1920115 4806.57674
1342 445.2725394 4806.532216
1343 445.2761968 4806.463993
1344 445.3286124 4806.417366
1345 445.3817106 4806.364958
1346 445.4015071 4806.3598
1347 445.4611864 4806.310005
1348 445.5363201 4806.248646
1349 445.6248876 4806.155972
1350 445.6587439 4806.116827
1351 445.670344 4806.069087
1352 408.3409382 4794.421995
1353 408.3029448 4794.456165
1354 408.2319706 4794.553095
1355 408.1669214 4794.596185
1356 408.0987158 4794.568008
1357 408.0633569 4794.515171
1358 408.0342262 4794.449032
1359 408.0358478 4794.401136
1360 407.9694158 4794.354387
1361 407.9630195 4794.271722
1362 408.0328756 4794.247892
1363 408.10616 4794.261449
1364 408.1633216 4794.174923
1365 408.2056229 4794.225112
1366 408.2857677 4794.254017
1367 408.3246695 4794.196953
1368 408.3953995 4794.261642
1369 408.4767716 4794.29742
1370 408.5026298 4794.367826
1371 408.5124075 4794.419011
1372 408.460775 4794.386497
1374 408.9878779 4794.307753
1375 408.9269838 4794.388878
1376 408.9297584 4794.474591
1377 408.9346395 4794.397106
1378 408.8843475 4794.307256
1379 408.9666958 4794.325365
1380 409.076398 4794.259802
1381 409.1378028 4794.216547
1382 409.2365505 4794.168795
1383 409.3292311 4794.158668
1384 409.3523375 4794.090714
1385 409.3632441 4794.008372
1386 409.3569996 4793.917596
1387 409.3024265 4793.810806
1388 409.2781945 4793.770477
1389 409.1760331 4793.7032
1390 409.1054419 4793.715254
1391 408.9974633 4793.698376
1392 408.974009 4793.625492
1393 409.0207523 4793.680402
1394 409.1267543 4793.707193
1395 409.1812652 4793.706129
1396 409.2785643 4793.779913
1397 409.3019276 4793.822031
1398 409.3807874 4793.851966
1399 409.4585078 4793.881695
1400 409.5141931 4793.968701
1401 409.5476252 4794.035899
1402 409.4911789 4794.074085
1403 409.3853156 4794.148143
1404 409.3188114 4794.16214
1405 409.2121732 4794.178118
1406 409.0942366 4794.216687
1408 410.1727987 4794.864644
1409 410.1918815 4794.810964
1410 410.1849253 4794.73908
1411 410.1267765 4794.691533
1412 410.104535 4794.617186
1413 410.0924478 4794.611126
1414 410.087079 4794.518339
1415 410.1662032 4794.471193
1416 410.1848694 4794.373755
1417 410.1842435 4794.283682
1418 410.1522529 4794.196135
1419 410.1073327 4794.198174
1420 410.1509941 4794.297007
1421 410.1042916 4794.397039
1422 410.0741985 4794.476968
1423 410.0709234 4794.603081
1424 410.0879329 4794.674388
1425 410.1207292 4794.743263
1426 410.1526284 4794.811818
1427 431.6113409 4795.010171
1428 431.6079387 4794.946342
1429 431.5480209 4794.860538
1430 431.5630353 4794.845281
1431 431.6050886 4794.808649
1432 431.6126433 4794.777585
1433 431.6291164 4794.705892
1434 431.5800634 4794.740262
1435 431.5514393 4794.733221
1436 431.5002484 4794.64433
1437 431.4447 4794.638006
1438 431.5097152 4794.722203
1439 431.4804778 4794.839007
1440 431.4426707 4794.886371
1441 431.4881941 4794.952328
1443 432.5818746 4793.348561
1444 432.5501021 4793.319112
1445 432.5347349 4793.299495
1446 432.5331743 4793.264969
1447 432.5241095 4793.17754
1448 432.5849396 4793.183598
1449 432.5186587 4793.151605
1450 432.4498637 4793.136074
1451 432.394525 4793.103084
1452 432.4037852 4793.152971
1453 432.4764767 4793.23388
1454 432.5045732 4793.342222
1456 432.8405576 4794.301491
1457 433.0275948 4794.388937
1459 433.1088964 4794.341597
1461 433.4817628 4794.370136
1463 433.6161703 4794.410689
1464 433.5799727 4794.44192
1465 433.4924377 4794.391578
1466 433.4033745 4794.367463
1467 433.2188912 4794.374054
1469 433.1056672 4794.359622
1470 433.0215089 4794.372337
1471 432.9463113 4794.372414
1472 432.8529121 4794.303923
1473 432.8561369 4794.359202
1474 432.9437565 4794.384768
1475 433.0308447 4794.38946
1476 433.1071207 4794.342503
1477 433.1783748 4794.345576
1478 433.2812114 4794.384325
1479 433.3637312 4794.345195
1480 433.4677486 4794.355613
1481 433.4868585 4794.352093
1482 433.5564498 4794.400723
1483 433.5992707 4794.441065
1484 433.508418 4794.408081
1485 433.4278555 4794.357448
1486 433.3236398 4794.376354
1487 433.2458529 4794.393558
1488 433.1450649 4794.3569
1489 433.1210019 4794.359915
1490 443.7143281 4795.578731
1491 443.6716916 4795.679041
1493 443.6403666 4795.471948
1494 443.6758428 4795.339489
1496 443.6558305 4795.234701
1497 443.6776239 4795.144004
1498 443.6468759 4794.986995
1499 443.6705733 4795.066652
1500 443.6942894 4795.138868
1501 443.704543 4795.27961
1502 443.7115091 4795.346856
1503 443.6985462 4795.485125
1505 444.7803932 4795.785194
1506 444.7024952 4795.730299
1507 444.6136712 4795.727915
1508 444.5316932 4795.699932
1509 444.5439338 4795.600208
1510 444.5456512 4795.512788
1511 444.6055506 4795.429113
1512 444.6105603 4795.4665
1513 444.5929239 4795.571042
1514 444.6470889 4795.659005
1515 444.6696425 4795.739341
1516 444.7367443 4795.812872
1517 444.8127992 4795.860675
1518 444.8595541 4795.935594
1519 444.8283859 4795.852662
1520 444.823264 4795.841154
1521 445.8521858 4795.560303
1522 445.7615786 4795.568358
1523 445.7712355 4795.558952
1524 445.7522518 4795.558215
1525 445.680098 4795.59189
1526 445.6427278 4795.594078
1527 445.6270325 4795.568549
1528 445.6081672 4795.542156
1529 445.6394099 4795.48382
1530 445.6632813 4795.416436
1531 445.6687969 4795.406396
1532 445.6405533 4795.353424
1533 445.6654264 4795.410866
1534 445.7072134 4795.413196
1535 445.7359797 4795.440398
1536 445.8160235 4795.470188
1537 445.8245589 4795.482781
1538 455.4682617 4796.178715
1539 455.3785305 4796.085905
1540 455.3360233 4796.022214
1541 455.3316623 4795.914293
1542 455.3228999 4795.827614
1543 455.3205918 4795.735894
1544 455.3217182 4795.648482
1545 455.3038813 4795.550868
1546 455.3237412 4795.47566
1547 455.3224782 4795.444017
1548 455.3912293 4795.440676
1549 455.4017276 4795.34765
1550 455.4609637 4795.30317
1554 455.3456655 4796.057912
1559 455.3307466 4795.898418
1560 455.3141422 4795.766255
1562 455.3042096 4795.563748
1563 455.3244039 4795.477766
1564 455.4022919 4795.396402
1566 455.5369901 4795.320662
1567 455.6114487 4795.433121
1568 455.6393916 4795.501795
1569 455.6820608 4795.577813
1570 455.7594347 4795.603518
1571 455.832424 4795.715544
1572 455.8521868 4795.786383
1573 455.7918365 4795.895948
1574 455.7253784 4795.976456
1575 455.7538371 4796.050124
1576 455.7815467 4796.133349
1577 455.8081569 4796.25945
1578 455.8254773 4796.328971
1579 455.8548805 4796.386197
1583 455.6836762 4795.576803
1590 455.7830012 4796.132562
1594 455.8560135 4796.385857
1596 456.4540389 4796.094896
1597 456.3925388 4796.102511
1598 456.3328532 4796.139989
1599 456.2989388 4796.0618
1600 456.2788707 4795.993073
1601 456.3464133 4795.891129
1602 456.3708906 4795.826112
1603 456.4380634 4795.74183
1604 456.5235299 4795.727732
1605 456.5550285 4795.593814
1606 456.5639726 4795.521568
1607 456.6130371 4795.407529
1608 456.599858 4795.337869
1609 456.595051 4795.258492
1610 456.5444757 4795.250931
1611 456.5695635 4795.331066
1612 456.6175892 4795.409166
1613 456.6161764 4795.467148
1614 456.5731436 4795.535281
1615 456.5686364 4795.641816
1616 456.5389895 4795.723079
1617 456.4317689 4795.746646
1618 456.3718013 4795.828994
1619 456.348889 4795.897776
1620 456.286158 4795.99136
1621 456.2853595 4796.068662
1622 456.3249281 4796.143372
1623 456.4041103 4796.123871
1624 456.4137553 4796.135692
1625 457.273919 4796.319233
1626 457.2788723 4796.268892
1627 457.2842221 4796.229988
1628 457.322754 4796.142119
1629 457.3666486 4796.068655
1630 457.3460126 4796.023917
1631 457.3180006 4795.966898
1632 457.2738918 4795.890767
1633 457.1929022 4795.881727
1634 457.2416934 4795.838772
1635 457.2623092 4795.764455
1636 457.3015118 4795.666809
1637 457.3143138 4795.600648
1638 457.3466321 4795.56857
1639 457.2832228 4795.46724
1640 457.2417601 4795.386873
1641 457.1861745 4795.317701
1642 457.1129284 4795.290288
1643 457.2187782 4795.356365
1644 457.2634158 4795.425718
1645 457.3139166 4795.486148
1646 457.3528003 4795.582192
1647 457.3009269 4795.612616
1648 457.1580642 4795.5792
1649 457.0844298 4795.579667
1650 457.101273 4795.703724
1651 457.1076345 4795.773429
1652 457.159113 4795.860396
1653 457.2399066 4795.915415
1654 457.2899926 4796.000614
1655 457.2971256 4796.051545
1656 457.3642671 4796.128308
1657 457.3562661 4796.209876
1658 457.340262 4796.269616
1659 457.3440341 4796.289138
1660 415.8433475 4790.195232
1661 415.7808072 4790.486794
1665 415.8976166 4790.774909
1667 415.9784718 4790.834663
1668 416.035769 4790.965129
1669 416.0287888 4791.09628
1670 415.9903259 4791.044664
1671 415.958246 4790.925215
1672 415.9033991 4790.87469
1673 415.8707546 4790.768799
1674 415.8023436 4790.756986
1675 415.7545573 4790.693491
1676 415.742184 4790.527259
1677 415.7390849 4790.447659
1678 415.7389046 4790.446218
1679 416.9171555 4788.974879
1680 417.0992701 4789.054845
1682 417.0735807 4789.231539
1683 417.0623787 4789.311425
1685 417.3608122 4789.363875
1688 417.1009565 4789.332501
1690 417.1686267 4789.45563
1691 417.1091597 4789.432476
1692 417.0660456 4789.325819
1693 416.9508958 4789.297127
1694 416.9545041 4789.24699
1695 417.0288509 4789.15889
1696 417.0695032 4789.050654
1697 417.0610086 4788.993334
1698 416.9251114 4788.981446
1699 416.9802654 4788.970219
1700 417.0549382 4788.968307
1701 417.0974856 4789.054977
1702 417.0860303 4789.147417
1703 417.0697516 4789.223811
1704 417.0623787 4789.311425
1705 417.0484448 4789.307263
1706 417.1600324 4789.310232
1707 417.2326383 4789.312234
1708 417.3123726 4789.319592
1709 417.3878622 4789.365101
1710 417.3737838 4789.369049
1711 417.2798064 4789.305439
1712 417.1710775 4789.303877
1713 417.0927535 4789.325604
1714 417.1535097 4789.407721
1715 417.1374947 4789.432574
1716 417.0671103 4789.432878
1717 417.0654003 4789.32616
1718 417.0537228 4789.313974
1719 416.9224743 4788.978257
1721 416.9222532 4788.993365
1722 416.9377068 4788.988955
1723 417.0620012 4788.941674
1724 417.1413519 4788.957144
1725 417.262238 4789.016425
1726 417.3737682 4788.994296
1727 417.407099 4788.991114
1728 417.534897 4788.971344
1729 417.568677 4788.971711
1730 417.3891247 4788.988556
1731 417.343667 4789.00266
1732 417.204529 4788.991249
1733 417.1258734 4788.946226
1734 417.0527844 4788.938233
1735 416.9877505 4788.978125
1736 417.6594171 4788.982495
1739 417.9655342 4789.226586
1741 418.0376049 4789.278363
1743 418.208602 4789.58963
1746 418.2925097 4789.61361
1747 418.3160441 4789.687077
1748 418.258357 4789.642677
1749 418.1894646 4789.577976
1750 418.0752166 4789.468506
1751 418.0382194 4789.403199
1752 417.9907701 4789.339684
1753 417.9490497 4789.259884
1754 417.8289776 4789.186476
1755 417.7540393 4789.085865
1756 417.7190198 4789.009984
1757 417.6336591 4788.980808
1758 417.5528511 4788.972237
1760 409.0306552 4774.895397
1761 409.0086389 4774.830825
1762 408.9705452 4774.787016
1763 408.9750377 4774.709094
1764 408.9502697 4774.615236
1765 408.9535756 4774.527667
1766 408.9574227 4774.431872
1767 408.9009264 4774.411634
1768 408.8249637 4774.359557
1769 408.8194036 4774.36363
1770 408.9094939 4774.413408
1771 409.0135632 4774.431567
1772 409.0826677 4774.475963
1773 409.1210378 4774.552646
1774 409.1718509 4774.628942
1775 409.1959339 4774.708259
1776 409.1977561 4774.796204
1777 409.2443114 4774.870668
1778 409.1522362 4774.903328
1779 409.1021937 4774.921322
1780 409.0137669 4774.940718
1781 409.9847775 4774.77044
1782 409.9328636 4774.696263
1783 409.8853155 4774.601592
1784 409.8899099 4774.49979
1785 409.9230418 4774.414716
1786 409.9654983 4774.351733
1787 409.9394471 4774.246004
1788 409.8824226 4774.185668
1789 409.7916658 4774.14666
1790 409.6899207 4774.138233
1791 409.6405258 4774.101234
1792 409.5290684 4774.041622
1793 409.4964612 4773.982076
1794 409.4430696 4773.889374
1795 409.3961661 4773.801251
1796 409.3990592 4773.731126
1797 409.478032 4773.684872
1798 409.4217299 4773.691839
1799 409.3860534 4773.762843
1800 409.4126029 4773.831799
1801 409.4839537 4773.959362
1802 409.5258253 4774.024116
1803 409.5952735 4774.069845
1804 409.6592491 4774.114092
1805 409.8089022 4774.157873
1806 409.8904827 4774.173677
1807 409.9525238 4774.164083
1808 409.9865503 4774.165078
1809 410.0675796 4774.139129
1810 410.1624538 4774.101669
1811 410.2132507 4774.035246
1812 410.2920625 4774.050869
1813 410.3103606 4774.130489
1814 410.2172729 4774.235676
1815 410.2009725 4774.320194
1816 410.1580095 4774.351082
1817 410.0809312 4774.337104
1818 410.0284556 4774.479523
1819 410.0302252 4774.558138
1820 410.0403029 4774.637421
1821 410.0263842 4774.723352
1822 410.6272193 4773.701816
1823 410.6317221 4773.635558
1824 410.6787324 4773.60873
1825 410.7518232 4773.510253
1826 410.8305198 4773.448246
1827 410.8532711 4773.389525
1828 410.8592811 4773.264048
1829 410.8490958 4773.151
1830 410.7834657 4773.154524
1831 410.6622483 4773.126787
1832 410.6136834 4773.109763
1833 410.6491132 4773.043545
1834 410.698207 4772.989033
1835 410.7118873 4772.914992
1836 410.6958724 4772.823124
1837 410.6373334 4772.740698
1838 410.6121998 4772.704597
1839 410.6740162 4772.794865
1840 410.7064701 4772.886629
1841 410.6994128 4772.950587
1842 410.6451857 4773.048151
1843 410.611242 4773.097355
1844 410.7453383 4773.139028
1845 410.8292464 4773.126713
1846 410.8610722 4773.201825
1847 410.8568258 4773.34394
1848 410.8345609 4773.414983
1849 410.7839088 4773.468404
1850 410.6943353 4773.600862
1851 410.6193613 4773.598956
1852 410.6377886 4773.670022
1854 412.7814527 4786.40745
1855 412.694648 4786.447218
1856 412.5823896 4786.516083
1857 412.5085725 4786.561351
1858 412.4533019 4786.5835
1859 412.3670669 4786.604161
1860 412.3360922 4786.715189
1861 412.3504391 4786.719224
1862 412.3664711 4786.797213
1863 412.3200617 4786.769488
1864 412.4152629 4786.814466
1865 412.3138894 4786.832435
1866 412.2955917 4786.924972
1867 412.292756 4787.000982
1868 412.2263174 4787.063597
1869 412.2423237 4787.133255
1870 412.2871483 4787.095022
1873 412.3968761 4786.604221
1876 412.3347854 4786.783848
1877 412.3177863 4786.819722
1879 412.2545447 4787.048238
1880 412.2881141 4787.094343
1881 412.2950792 4787.029942
1882 412.3504712 4786.879057
1883 412.3669383 4786.795651
1884 412.3401684 4786.716358
1885 412.3332971 4786.643361
1886 412.4688457 4786.585855
1887 412.5452729 4786.554103
1888 412.6218008 4786.485919
1889 412.7150496 4786.416744
1890 412.7757334 4786.366871
1891 412.829354 4786.310869
1892 412.870557 4786.274575
1897 412.2880209 4787.087125
1905 412.6219475 4786.484696
1911 412.8720103 4786.27389
1913 413.3166239 4786.820119
1914 413.3994926 4786.885816
1915 413.4505433 4786.953142
1916 413.4929608 4787.02502
1917 413.462194 4787.000643
1918 413.3907572 4786.990558
1919 413.3514822 4786.904089
1920 413.2974473 4786.832137
1921 413.2389832 4786.839548
1922 413.2333488 4786.837177
1923 413.2494091 4786.810092
1924 414.3629534 4784.821445
1925 414.2216436 4784.954291
1927 414.1357521 4785.184182
1929 414.1669955 4785.310187
1930 414.2358514 4785.378404
1931 414.341491 4785.47126
1934 414.2334011 4785.744193
1935 414.1656177 4785.760599
1936 414.1073673 4785.843528
1937 414.0835532 4785.900254
1938 414.0862474 4785.862788
1939 414.1624455 4785.74098
1940 414.2841327 4785.670357
1941 414.3092181 4785.604731
1942 414.3709294 4785.493103
1943 414.4287959 4785.463052
1944 414.4542454 4785.368098
1945 414.5414888 4785.277366
1946 414.5390899 4785.196425
1947 414.5517999 4785.12829
1948 414.5377163 4784.990294
1949 414.5708629 4784.880473
1951 414.4744022 4784.742736
1952 414.3851989 4784.826718
1954 420.0083314 4781.473358
1955 420.1416206 4781.534879
1957 420.3665631 4781.67752
1959 420.4767423 4781.702554
1960 420.6344892 4781.778237
1962 420.5712449 4781.8886
1963 420.7097629 4781.953625
1964 420.7007534 4781.898862
1965 420.7368529 4781.809365
1966 420.7540019 4781.718645
1967 420.6616329 4781.694398
1968 420.5102346 4781.710049
1969 420.4324611 4781.696852
1970 420.4255271 4781.625183
1971 420.2927186 4781.618186
1972 420.2494541 4781.657678
1973 420.1836275 4781.727645
1975 421.0447358 4781.355182
1976 421.2557539 4781.363399
1978 421.3369432 4781.439874
1979 421.4108418 4781.50455
1980 421.4660383 4781.589768
1981 421.3934376 4781.799081
1983 421.3601885 4781.946075
1985 421.3860539 4782.067395
1986 421.4413302 4782.173937
1987 421.4961793 4782.243609
1988 421.4113017 4782.212713
1989 421.434862 4782.127585
1990 421.3463654 4782.057969
1991 421.2719607 4782.005295
1992 421.1687238 4781.940405
1993 421.1740486 4781.887919
1994 421.1872792 4781.753152
1995 421.2098267 4781.685917
1996 421.1371958 4781.632446
1997 421.0998571 4781.566571
1998 421.0801466 4781.401864
1999 421.0448674 4781.352515
2004 421.4121104 4782.21237
2009 421.9084436 4782.971133
2010 421.8858897 4782.889424
2011 421.8938557 4782.953308
2012 421.9309429 4783.033961
2013 421.855457 4783.055598
2014 421.8067602 4782.990072
2015 421.7263043 4782.918804
2016 421.77973 4782.964393
2017 421.8259042 4783.022506
2018 421.9437602 4783.010823
2019 421.8885204 4782.96281
2020 421.8906614 4782.880373
2021 421.8788375 4782.777771
2022 421.9644708 4782.733694
2023 422.0428335 4782.707471
2024 422.0647175 4782.667014
2025 422.1385994 4782.618409
2026 422.1819365 4782.549384
2027 422.199699 4782.439779
2028 422.1551224 4782.357988
2029 422.1661916 4782.274228
2030 422.2639192 4782.228128
2031 422.304947 4782.141582
2032 422.344777 4782.227649
2033 422.3409832 4782.308216
2034 422.2630298 4782.384965
2035 422.2135214 4782.411966
2036 422.2815277 4782.503152
2037 422.319484 4782.53204
2038 422.4569991 4782.554573
2039 422.4823356 4782.624256
2040 422.5241622 4782.693419
2044 421.880615 4782.918362
2047 421.8906589 4782.880151
2049 422.0003039 4782.712069
2051 422.1644264 4782.581572
2053 422.2128301 4782.23782
2056 422.3449958 4782.2041
2058 422.2475642 4782.375701
2060 422.4818341 4782.587388
2062 422.5248884 4782.692966
2063 422.4360473 4782.669877
2064 422.3646237 4782.691906
2065 422.2900773 4782.71797
2066 422.1603194 4782.698462
2067 422.1055644 4782.742516
2068 422.0593373 4782.814463
2069 422.0008915 4782.876664
2070 421.9407973 4783.014633
2071 421.8458185 4783.051266
2072 421.7969489 4782.984854
2074 431.8988757 4782.303432
2075 431.9017581 4782.347828
2076 431.8558259 4782.386606
2077 431.783277 4782.420985
2078 431.7486595 4782.469645
2079 431.7858428 4782.433732
2080 431.8780319 4782.413038
2081 431.9340924 4782.355057
2082 432.0062396 4782.329124
2083 432.0895703 4782.430248
2084 432.1607688 4782.382558
2085 432.1871558 4782.339424
2086 432.1028775 4782.314276
2087 432.0225018 4782.33818
2088 431.9839156 4782.315242
2089 433.3725613 4783.210886
2090 433.2675392 4783.181706
2091 433.1399706 4783.206505
2092 433.1539025 4783.276449
2093 433.2040606 4783.270736
2094 433.2313039 4783.223489
2095 433.2648163 4783.243706
2096 433.2534306 4783.358547
2097 433.3039548 4783.38193
2098 433.3559758 4783.292791
2099 433.4150716 4783.220687
2100 433.421556 4783.277155
2101 433.4749123 4783.315949
2102 433.5217687 4783.363137
2103 433.5798719 4783.42221
2104 433.6420033 4783.411275
2105 433.6163441 4783.354661
2106 433.5288237 4783.353406
2107 433.4787016 4783.279705
2108 433.4739995 4783.255873
2109 434.0614261 4783.378318
2110 433.9508726 4783.38972
2111 433.9361283 4783.452725
2112 434.0202994 4783.552753
2113 434.0328871 4783.560517
2114 433.9753056 4783.604835
2115 433.9498682 4783.696154
2116 433.9290643 4783.78765
2117 433.9490144 4783.758802
2118 434.0219518 4783.672797
2119 434.0540553 4783.581747
2120 434.0878991 4783.494123
2121 434.1399385 4783.414319
2122 434.1140187 4783.330384
2123 434.030484 4783.279328
2124 434.0405872 4783.36597
2126 443.8207204 4781.785038
2127 443.835277 4781.83545
2128 443.8017631 4781.910248
2129 443.7375495 4781.967531
2130 443.7915935 4782.036719
2131 443.8920839 4782.042553
2132 443.9038872 4781.966157
2133 443.8460312 4781.927319
2134 443.9047279 4781.880856
2135 443.9770324 4781.828839
2136 444.0227772 4781.748833
2137 444.0264389 4781.650626
2138 444.0473644 4781.566492
2139 444.0249181 4781.564567
2140 443.9563645 4781.648093
2141 443.8910651 4781.702273
2143 445.3628178 4782.703047
2144 445.3138311 4782.775074
2145 445.2676596 4782.843414
2146 445.1580228 4782.799985
2147 445.1552713 4782.700608
2148 445.0788181 4782.671461
2149 445.027091 4782.695646
2150 444.9782691 4782.566656
2151 445.0116793 4782.518075
2152 445.0119464 4782.460655
2154 445.1583425 4782.799316
2157 444.9889256 4782.548023
2159 445.0125893 4782.459761
2161 444.9219668 4782.256699
2163 445.0594243 4782.000706
2165 445.0321467 4781.963832
2166 445.0715283 4781.869335
2167 445.1801302 4781.953864
2168 445.2162869 4781.943022
2169 445.3524247 4781.9758
2171 445.8045564 4782.064807
2172 445.8766421 4782.136977
2173 445.9431225 4782.168655
2174 446.0442025 4782.157191
2175 446.0393357 4782.209539
2176 446.0348488 4782.30975
2177 445.9656438 4782.374714
2178 445.8754051 4782.420633
2179 445.7610666 4782.521608
2181 445.6384722 4782.666854
2182 445.5580463 4782.699482
2183 445.4846528 4782.676748
2184 445.6124613 4782.686053
2188 445.4806636 4781.986433
2192 445.505081 4781.94048
2193 445.5813236 4781.922212
2194 445.6805231 4781.949628
2195 445.7949612 4781.97226
2196 445.8258759 4781.976567
2198 445.5053204 4781.939923
2200 413.5302263 4770.039981
2201 413.5115225 4769.983906
2202 413.4438984 4769.973878
2203 413.4315494 4770.03379
2205 413.140916 4769.901976
2208 412.8925102 4770.011211
2209 412.9496136 4769.968721
2210 412.958318 4769.833994
2212 412.7570922 4769.799576
2215 413.086278 4770.003966
2217 413.1409588 4769.962952
2218 413.135406 4769.891272
2219 413.1494359 4769.816456
2220 413.2463725 4769.813557
2221 413.3358175 4769.90683
2222 413.3589461 4769.971401
2223 413.4448246 4770.008409
2224 413.4625662 4769.943542
2226 413.801534 4769.228748
2227 413.7577408 4769.346034
2228 413.9158318 4769.420343
2230 413.926185 4769.544054
2231 413.8248398 4769.688278
2233 413.6715759 4769.866591
2235 413.7085859 4769.754166
2236 413.7654105 4769.682586
2237 413.8512464 4769.619304
2238 413.8502002 4769.523465
2239 413.8214048 4769.428976
2240 413.7968234 4769.365199
2241 413.8096404 4769.23231
2242 413.7822708 4769.315402
2244 413.8416945 4769.623756
2246 413.762317 4769.676183
2247 413.7538994 4769.673735
2248 413.6566847 4769.751379
2249 413.6423736 4769.958925
2253 414.01369 4769.716552
2255 413.9762217 4769.657269
2256 413.9560023 4769.59055
2257 413.8494368 4769.688856
2258 413.7803036 4769.733601
2259 413.7289241 4769.772124
2260 413.6609475 4769.760099
2261 413.7365053 4769.727712
2262 413.7904277 4769.651948
2263 413.8639158 4769.558612
2264 413.858828 4769.490924
2265 413.8170138 4769.377828
2266 413.7921833 4769.262075
2267 413.7750469 4769.162441
2268 413.7720299 4769.104057
2269 413.8074533 4768.975103
2270 413.8686386 4768.951673
2271 413.9653876 4768.868263
2273 414.4165102 4768.795622
2274 414.3966225 4769.028115
2276 414.4402248 4769.161073
2277 414.4291769 4769.254176
2279 414.3316602 4769.425666
2281 414.3689097 4769.604019
2282 414.3476815 4769.716242
2283 414.288482 4769.787181
2284 414.3045619 4769.816301
2285 414.2093702 4769.834934
2286 414.1561719 4769.826051
2287 414.132837 4769.763923
2288 414.0920228 4769.742778
2289 414.2093688 4769.834823
2290 414.09291 4769.742101
2291 414.088438 4769.742601
2295 414.0595081 4768.834646
2300 414.1145417 4768.846394
2301 414.1885776 4768.8669
2302 420.5465843 4769.729604
2304 420.6386316 4769.383007
2306 420.707207 4769.426526
2307 420.7837956 4769.480059
2308 420.8360281 4769.567862
2309 420.7898578 4769.609603
2310 420.7550027 4769.693196
2311 420.6873932 4769.697535
2312 420.6586545 4769.774837
2313 420.6404121 4769.816477
2314 420.5928211 4769.812809
2315 420.562912 4769.894346
2316 420.5541045 4769.949093
2317 420.5878516 4769.980577
2318 420.55991 4770.077196
2319 420.5746659 4770.141887
2320 420.6220578 4770.191649
2321 420.6094139 4770.27354
2322 420.6931207 4770.351869
2323 420.775696 4770.360906
2324 420.8113439 4770.409139
2325 420.8095468 4770.478798
2326 420.8966588 4770.443913
2327 420.9019371 4770.30924
2328 420.8911064 4770.238728
2329 420.885723 4770.167597
2330 420.8938212 4770.079539
2331 420.7770964 4769.969382
2332 420.7195945 4769.911407
2333 420.6388064 4769.874472
2334 420.5634692 4769.795269
2335 420.5492307 4769.740124
2337 420.7212344 4769.428473
2340 420.8192216 4769.593047
2341 420.7611324 4769.709229
2343 420.6418929 4769.817792
2344 420.5425125 4769.834497
2346 420.569539 4770.058092
2347 420.6215438 4770.168442
2348 420.6207083 4770.25064
2351 420.897217 4770.442907
2356 420.5646865 4769.794922
2361 422.1474896 4771.353822
2362 422.0926458 4771.298471
2363 422.0206693 4771.353826
2364 421.9005364 4771.390519
2365 421.8011665 4771.43475
2366 421.8762431 4771.415787
2367 421.9080844 4771.345895
2368 421.8916573 4771.254787
2369 421.9208525 4771.22391
2370 422.0118309 4771.20721
2371 422.0757337 4771.25024
2372 422.1218543 4771.211618
2373 422.1662722 4771.230659
2374 422.1434351 4771.276678
2375 422.115763 4771.298429
2376 422.425033 4771.279691
2377 422.4776433 4771.203125
2378 422.4757288 4771.142061
2379 422.43557 4771.039337
2380 422.4033319 4770.967511
2381 422.4059797 4770.863857
2382 422.3968076 4770.77311
2383 422.3986825 4770.66591
2384 422.3193628 4770.677697
2385 422.269543 4770.599185
2386 422.2755368 4770.510709
2387 422.244626 4770.40566
2388 422.2153629 4770.338132
2389 422.2428512 4770.235528
2390 422.2737038 4770.163762
2391 422.3002445 4770.085048
2392 422.2700625 4770.015531
2393 422.3036819 4770.007929
2394 422.2823968 4770.119237
2395 422.2478762 4770.183492
2396 422.1648759 4770.229975
2397 422.2148682 4770.294711
2398 422.2521338 4770.40724
2399 422.2707073 4770.458341
2400 422.2413436 4770.560634
2401 422.2056483 4770.664442
2402 422.2739871 4770.746407
2403 422.3464052 4770.764909
2404 422.4408563 4770.88845
2405 422.4495098 4770.96943
2406 422.4599632 4771.044058
2407 422.4988938 4771.139021
2408 422.5678606 4771.241196
2409 422.4870403 4771.227786
2411 432.5307175 4769.725074
2412 432.4448769 4769.755021
2413 432.4998929 4769.827111
2414 432.5225414 4769.911072
2415 432.5847302 4769.975984
2416 432.5125997 4770.033671
2417 432.4238976 4770.053762
2418 432.3661929 4770.137518
2419 432.2858197 4770.151753
2420 432.33704 4770.136697
2421 432.4214587 4770.070556
2422 432.4698541 4770.041424
2423 432.5812087 4770.015112
2424 432.5728013 4769.938674
2425 432.6237829 4769.866203
2426 432.7088146 4769.828603
2427 432.6856899 4769.762194
2428 432.657179 4769.760587
2429 433.2731346 4770.049741
2431 433.5788085 4770.214797
2433 433.6863108 4770.319815
2434 433.6659917 4770.390203
2435 433.7590059 4770.428727
2436 433.7336487 4770.33235
2437 433.7014176 4770.265915
2438 433.6395753 4770.285507
2439 433.5582577 4770.18601
2440 433.525475 4770.121691
2441 433.3970891 4770.062969
2443 434.5804762 4770.004439
2444 434.6647822 4770.085816
2445 434.705199 4770.038673
2446 434.8185193 4770.089567
2447 434.8591328 4770.148264
2448 434.889876 4770.204945
2449 434.855221 4770.233151
2450 434.8171712 4770.23829
2451 434.8325064 4770.32677
2452 434.8750745 4770.300376
2453 434.8893172 4770.291466
2454 434.886268 4770.210754
2455 434.865017 4770.150651
2456 434.7921885 4770.060276
2457 434.712189 4769.986408
2458 434.6415388 4769.936884
2459 434.550942 4769.929867
2460 434.6129083 4769.982138
2461 434.6478366 4769.999462
2462 444.6822716 4771.040032
2463 444.5858397 4771.062693
2464 444.5134923 4771.034183
2465 444.5088057 4770.928272
2466 444.5069024 4770.844328
2467 444.5135579 4770.761869
2468 444.5285845 4770.677787
2469 444.5156801 4770.612367
2470 444.5294077 4770.518634
2471 444.5282035 4770.400478
2472 444.517198 4770.32838
2474 445.0992902 4770.062245
2476 445.4250063 4770.155032
2479 445.5720125 4770.408847
2482 445.7661068 4770.658736
2485 445.5468694 4770.757102
2486 445.6207007 4770.829034
2487 445.6754549 4770.887125
2488 445.7319221 4770.874127
2489 445.6737525 4770.806178
2490 445.5585841 4770.7971
2491 445.52273 4770.741191
2492 445.4865722 4770.65752
2493 445.3693074 4770.71232
2494 445.3018252 4770.711972
2495 445.1558448 4770.707924
2496 445.0848884 4770.710827
2498 446.5291233 4771.186348
2499 446.4743994 4771.162011
2500 446.4200129 4771.108131
2501 446.3103849 4771.00582
2502 446.2733311 4770.951693
2503 446.2989314 4770.832882
2504 446.3225117 4770.767617
2505 446.2669173 4770.653888
2506 446.2189597 4770.590185
2507 446.1298824 4770.504374
2508 446.1246672 4770.441779
2509 446.1463331 4770.381526
2510 433.3011943 4758.758307
2511 433.0795061 4758.820107
2513 432.9462754 4758.788092
2514 432.8501902 4758.802138
2515 432.8336155 4758.89981
2517 433.0273683 4759.03385
2518 432.9844002 4759.117676
2519 432.9291914 4759.2004
2521 433.1662505 4759.269606
2523 433.21531 4759.283565
2526 433.3003093 4758.759537
2528 433.2521796 4758.757673
2529 433.1809019 4758.756924
2530 433.0796941 4758.82266
2531 433.0330489 4758.80579
2532 432.9319728 4758.776459
2533 432.8535995 4758.800549
2534 432.8232263 4758.863151
2535 432.863756 4758.963263
2536 432.9269183 4758.993186
2537 433.0250994 4759.035316
2538 432.9759632 4759.105431
2539 432.9734497 4759.123558
2540 433.0183225 4759.184535
2541 432.9445086 4759.182481
2542 432.9745428 4759.210285
2543 433.0670156 4759.244365
2544 433.1668332 4759.270822
2545 433.2538366 4759.296073
2546 433.292886 4759.328788
2549 433.3152669 4758.771497
2552 433.9501634 4758.034247
2553 433.9751016 4758.100197
2554 433.8880392 4758.18
2555 433.9419466 4758.214019
2556 433.9571127 4758.171448
2557 433.88657 4758.137589
2558 433.8264112 4758.191034
2559 433.8602597 4758.166163
2560 433.8989191 4758.107373
2561 433.969587 4758.162666
2562 434.0380345 4758.199211
2563 434.0882364 4758.178738
2564 434.0755365 4758.240386
2565 433.9826195 4758.296477
2566 433.9746351 4758.398839
2567 433.9892545 4758.477328
2568 434.0462169 4758.507099
2569 434.1262528 4758.553418
2570 434.1923913 4758.62175
2571 434.2030897 4758.682841
2572 434.1020707 4758.70147
2573 434.062258 4758.665648
2574 433.941703 4758.69635
2575 433.825608 4758.707466
2577 434.6309492 4759.075004
2578 434.6153534 4759.124018
2579 434.587989 4759.204353
2580 434.6051329 4759.300477
2581 434.6967733 4759.299603
2582 434.7665655 4759.316264
2583 434.8434394 4759.263112
2584 434.9184687 4759.333255
2585 434.9573871 4759.413181
2586 434.9909616 4759.522921
2587 435.0505104 4759.551676
2588 435.0510614 4759.446387
2589 435.0277799 4759.34721
2590 435.0109312 4759.272961
2591 434.928821 4759.247086
2592 434.854722 4759.197702
2593 434.781361 4759.15742
2594 434.7534752 4759.123257
2595 435.107845 4822.398241
2596 435.0981533 4822.298149
2597 435.0824595 4822.279197
2598 435.1279413 4822.145363
2599 435.1589482 4822.12707
2600 435.1475277 4822.015222
2602 435.1977563 4821.837136
2603 435.1820389 4821.824182
2606 435.1226825 4822.495839
